76561198250932118
76561198407862569
76561198983544548
76561199193993406
76561199194248160
76561199194642700
76561198197414687
76561198882536858
76561199194751076
76561199195275834
76561198411574450
76561198852959389
76561199122180633
76561199196566012
76561198429794871
76561199197359768
76561198444715788
76561197986871841
76561199108840650
76561199200626200
76561199202188128
76561199139833266
76561198305007957
76561199002471852
76561198400716972
76561198998081156
76561199054019901
76561198214720531
76561199046699559
76561198858425301
76561199194286173
76561199182022712
76561198393956772
76561199038387399
76561199037939496
76561198137279085
76561199194584585
76561199194891215
76561198385906602
76561199133729418
76561199169850041
76561198845063551
76561198989451549
76561199112018245
76561199195445209
76561198057763149
76561198282614531
76561199013563840
76561199007212691
76561199184771226
76561198149482227
76561198965375767
76561199199825841
76561199108608833
76561199059885141
76561199012983638
76561199022946325
76561199006406757
76561199200806521
76561199208482497
76561199201185735
76561199064171351
76561199014079406
76561199175358689
76561198318741542
76561199188313950
76561199164398123
76561199088227905
76561198832766231
76561199008288372
76561198407043609
76561198174765229
76561199177169975
76561199056596485
76561199062597314
76561198880395136
76561199140514271
76561199190070728
76561198135094203
76561199206779765
76561198911296840
76561199097654394
76561199039366815
76561198996928371
76561199207101732
76561198058826779
76561198845551004
76561199045406021
76561199189382453
76561199060693277
76561198444217316
76561199082873246
76561199192803249
76561199119503721
76561199133178854
76561198285242534
76561199114316359
76561199095460735
76561199049682067
76561198049771115
76561198260715571
76561198969910093
76561198297101322
76561198311056529
76561199127663707
76561199125543010
76561199172880808
76561198136161896
76561198087960116
76561199063861864
76561199130060369
76561199157809372
76561199058382158
76561199051622486
76561199004949656
76561198111296976
76561198396979753
76561198811339144
76561199083623869
76561199001564985
76561199053202948
76561199192613911
76561199090511838
76561198383000898
76561199136228561
76561199114568064
76561198985920164
76561198082764307
76561198354304647
76561198400775428
76561199062223398
76561199198296723
76561198345852301
76561198879933847
76561198123236225
76561199185766756
76561199185875430
76561199186822624
76561199187260620
76561199176088783
76561199186298012
76561198077958857
76561197961966097
76561199047458251
76561199120832410
76561198833644422
76561199150829921
76561198420321698
76561199020343362
76561198858547339
76561198999115209
76561198818226084
76561199098293874
76561199099382581
76561199034144821
76561197993728068
76561198369047451
76561199163949151
76561199132347210
76561199132196097
76561199189572856
76561199078562160
76561199089675010
76561198396439330
76561199071707807
76561199067658778
76561199194831311
76561199054253338
76561198020703732
76561199076441078
76561199111680768
76561198836827198
76561199135002894
76561199158440056
76561199197238057
76561199203376843
76561199022523021
76561198022082002
76561199114496735
76561198409500042
76561198882827870
76561198101202615
76561199200964239
76561199187098044
76561199027270068
76561198087032556
76561199087999127
76561199203888821
76561198110235596
76561199191863834
76561198161191084
76561199147990942
76561199190672584
76561199208087052
76561199087434791
76561199009410771
76561199190335352
76561198121989565
76561199088219513
76561197995324105
76561198039539123
76561199128557105
76561198344111703
76561198837505139
76561199052025962
76561198803634044
76561198149514563
76561199064875159
76561199008475717
76561198875444333
76561199156462205
76561199001560045
76561199116616133
76561198962557077
76561199104036968
76561199057446668
76561198089162974
76561199196705660
76561197993913123
76561197980065148
76561199036724418
76561198120999388
76561199071122779
76561199177000210
76561199057685905
76561198329444327
76561199118221539
76561199193567753
76561198320856753
76561198375853347
76561199168440819
76561199170722573
76561199021134789
76561198161380718
76561198078039842
76561199168594628
76561198880392433
76561199004911454
76561199179427395
76561199190226360
76561199094650698
76561199190782784
76561199155380256
76561199077997245
76561199008468487
76561199182810881
76561199182550489
76561199193055562
76561199074586474
76561198987486228
76561199208282047
76561199044600137
76561199119379174
76561199012578519
76561199194378696
76561198152563271
76561198374797672
76561199091908857
76561198377408338
76561198183120062
76561199019151488
76561198843714710
76561198002145768
76561198366275593
76561199195676272
76561198973526684
76561199100624768
76561198995888038
76561199147622269
76561198000318928
76561198989541107
76561199191015777
76561199190373815
76561199192014121
76561198323443396
76561199121550142
76561198140389898
76561198879284768
76561198997773985
76561198862283451
76561197985236956
76561199149207836
76561199138938261
76561199030191938
76561198044736625
76561199101624131
76561199151787978
76561199125950948
76561198856880556
76561198106371648
76561198148926767
76561199026311967
76561198029988079
76561197995870149
76561198364167823
76561198389448817
76561198872697803
76561198455014579
76561198372513596
76561199172041317
76561199120648785
76561199181170840
76561199194292757
76561198430187198
76561198974915240
76561199195237991
76561199038868276
76561198854186307
76561199113072873
76561199013551794
76561198798818468
76561199196483103
76561199197016375
76561197970972674
76561198057384671
76561198853067275
76561199109229891
76561198347651738
76561199093366692
76561198060832243
76561198141987221
76561198042753390
76561198208951179
76561198873148679
76561198173522629
76561199094685267
76561198337378802
76561199022762697
76561198836074039
76561198850796538
76561198065980100
76561198862598854
76561199103759240
76561198875718552
76561199158953651
76561199003391329
76561199163123933
76561199105428934
76561198316788653
76561198970490436
76561198944932017
76561198404288886
76561198957526807
76561198825533524
76561199049876353
76561199132885574
76561199181151168
76561199193500759
76561198338784634
76561199193191219
76561199091061708
76561199193789785
76561199105570956
76561199122046087
76561198101105106
76561198256583327
76561199197605337
76561198931063259
76561199094465876
76561198821541786
76561198345725824
76561198958938290
76561198117326964
76561198158179171
76561197971608402
76561199191717934
76561198084427973
76561198263565386
76561199143072205
76561199183193927
76561198148640748
76561198797521831
76561198990822214
76561199193364306
76561199090504331
76561198979420136
76561198991337404
76561199187527647
76561198407879261
76561199122242061
76561198050473894
76561199138605982
76561199089060533
76561198096352552
76561199149230240
76561199140311066
76561199000030388
76561199026244977
76561198367301434
76561198152547068
76561199132621713
76561199193858960
76561199051843625
76561199190489080
76561198366439902
76561199052540681
76561198170374306
76561198120845441
76561199195235520
76561199097664774
76561199016988698
76561199196405114
76561198872259884
76561199096056200
76561199021635054
76561199041184139
76561199078487004
76561198965157004
76561199193248477
76561199004728447
76561197997320719
76561198317692439
76561199044330129
76561198965463897
76561199127791975
76561199008555360
76561199101009715
76561199203010772
76561199065080505
76561199142482393
76561198238788758
76561198838079721
76561199183586574
76561199017625389
76561198295019597
76561199130341484
76561199186552228
76561199164757651
76561199107528962
76561199037308541
76561199074639920
76561199119343290
76561198808611356
76561198122648827
76561198863826568
76561199115356401
76561198498523655
76561199074190483
76561198978529326
76561199194837881
76561199169754767
76561199074258851
76561199019165857
76561199074544515
76561199194933351
76561198967396663
76561198808413002
76561198362694005
76561199090800272
76561199111482757
76561199193612195
76561198113410955
76561199072087729
76561198114456271
76561199160432820
76561199170685299
76561198118241644
76561199184116902
76561199039724640
76561199198074129
76561198979741670
76561199198849323
76561199026609406
76561198407760144
76561198161751256
76561199185958126
76561198418671435
76561199186817998
76561199056488525
76561199041338192
76561199117848817
76561199187660262
76561198165354464
76561198107694369
76561199178479719
76561199076607505
76561198261515678
76561198917190109
76561199181633349
76561198236328710
76561198132696748
76561198062500286
76561199192490556
76561199162778687
76561198408007641
76561199142416020
76561199027464981
76561198983561341
76561198996817599
76561199128537276
76561199103572859
76561199049626959
76561198130693700
76561199012593900
76561199112379954
76561199190030531
76561198045189777
76561197989725636
76561199191277779
76561197984204610
76561198004062894
76561198061046354
76561199070816002
76561198288466342
76561198844962600
76561198970581286
76561199048213773
76561198215667143
76561199085824120
76561199125458158
76561199100545830
76561198221750532
76561198971801438
76561199019741722
76561199064397946
76561198273898161
76561197996550685
76561199154149795
76561198124361737
76561199001423933
76561199064105060
76561198306644026
76561198271548554
76561198871199588
76561198353216546
76561199190295164
76561199202186806
76561199021740428
76561199161220396
76561199036482975
76561199074696299
76561199036908854
76561199053647575
76561199160575423
76561199074662899
76561199164224959
76561198111631507
76561199079746433
76561199106772385
76561198341039789
76561199071133488
76561199109731404
76561198419064491
76561198371982915
76561198110235055
76561198091445105
76561198833708171
76561199194821577
76561199198556549
76561199007311204
76561198976561540
76561199198400459
76561199075508621
76561199198873701
76561198417824289
76561199185758480
76561198382321769
76561198294189980
76561198354144740
76561199009423287
76561198880364348
76561198315984206
76561198421738581
76561198451524581
76561199177274159
76561198108324504
76561198985034115
76561198141710232
76561198333556205
76561198358673467
76561199202335617
76561199143878501
76561199174850168
76561199193874946
76561199120075610
76561199186530567
76561198961885203
76561199157137386
76561199058429396
76561199125992005
76561199194997460
76561198398045914
76561198074667177
76561199059376502
76561199195556290
76561199195817270
76561199178455562
76561199195675186
76561199154907983
76561199180358278
76561198440817946
76561198850654159
76561199059336165
76561199028973187
76561198057666595
76561198929097641
76561199149696035
76561198872798411
76561199013807499
76561198142112244
76561199127128225
76561199146808280
76561199106706323
76561198291662435
76561198264558318
76561199134621001
76561199142250582
76561198454738824
76561198076091319
76561199060358209
76561198922367711
76561199126486444
76561198850283192
76561198366172825
76561198858118359
76561198086215325
76561199103143628
76561198237616422
76561198824075688
76561198316473488
76561199088604278
76561199165922708
76561198240464798
76561198998581629
76561198117431956
76561198282612752
76561199152617779
76561199076148327
76561198079527437
76561199125343152
76561198874693079
76561198868664064
76561198215281575
76561199101398642
76561198973486315
76561198105172383
76561198882594234
76561198877147942
76561199109889966
76561198439247823
76561198046145742
76561198209155911
76561198322187682
76561199120194569
76561199177657134
76561199036792566
76561198851598839
76561199020244993
76561198115241851
76561198878566329
76561199194213263
76561199006779897
76561199109739053
76561199021387303
76561198401900756
76561197975472092
76561198384743089
76561199081195286
76561199106050965
76561198367639399
76561198330744063
76561199185091770
76561198902480616
76561199007442315
76561198417006573
76561198849992287
76561198929109348
76561199040688676
76561198355451195
76561198355837389
76561199186720936
76561199115265936
76561199174714881
76561198350131528
76561199187555284
76561198050090749
76561199022909457
76561199078476660
76561199076642568
76561198275533993
76561198354737242
76561199097971620
76561198838938882
76561199068017613
76561199205562005
76561199190219366
76561198802437138
76561199190029180
76561198965567068
76561199180524307
76561199191264780
76561199191748120
76561198047853216
76561199181683501
76561198837706135
76561199192216938
76561199192051000
76561198212685124
76561199193575638
76561198922892253
76561198116003641
76561199092216162
76561198271907946
76561198834806968
76561199162242551
76561198297035040
76561198409638901
76561199010542959
76561199190596125
76561199190288183
76561199190058133
76561198043584305
76561198851650304
76561199179980382
76561197964545658
76561199156709935
76561199055779071
76561199139507641
76561198408600495
76561199094562431
76561199180645797
76561199149152366
76561199151654575
76561199195294256
76561198014896416
76561198802629906
76561198157653660
76561199016030295
76561199155489330
76561198390246271
76561199043280474
76561197962312041
76561198097175892
76561198848451459
76561199021455352
76561198090153900
76561198409247084
76561199017794831
76561198861707626
76561199003796424
76561199069399485
76561199114540621
76561198058288507
76561198867922341
76561198170060879
76561198197803122
76561199014681773
76561198046342901
76561199139475301
76561199188888524
76561198981181200
76561199108003566
76561199118848693
76561198359084408
76561199080171256
76561198058325622
76561198079915163
76561198112334689
76561199121422866
76561199119529829
76561198206418201
76561199052437015
76561198098255770
76561198081786369
76561198881743610
76561198358744793
76561199047266549
76561199194198820
76561198289438089
76561199069275997
76561199193891372
76561198863611565
76561198359819041
76561198450722135
76561199188935705
76561198366996937
76561198290990755
76561199194668892
76561198335772982
76561198992934251
76561199184743213
76561198129819545
76561199190521243
76561198263120070
76561198858032317
76561198965231479
76561199093170237
76561198325063942
76561199046206120
76561199130154797
76561198985682150
76561199199251678
76561198985368346
76561198178655367
76561199149221810
76561198104508529
76561199078574513
76561198103905266
76561198805482757
76561198099850152
76561198290382527
76561199096063970
76561198880199723
76561199193803682
76561199193641492
76561199054996066
76561198044314025
76561199193912026
76561198871954699
76561197969410582
76561198812646997
76561198353219533
76561198157206605
76561199194048604
76561198867100252
76561198409154371
76561199052425636
76561198799606891
76561198831539089
76561199073291031
76561199187744987
76561198800374960
76561199201842487
76561199081867594
76561199195028672
76561198883164278
76561199045543135
76561199189286451
76561198383970793
76561199178854816
76561199190848917
76561198883577701
76561198883832905
76561198386201072
76561198322597833
76561199193741395
76561198202470834
76561199169828011
76561198864043542
76561199058824791
76561198214700491
76561198284216595
76561198835475677
76561199146676669
76561198977085410
76561199091124174
76561197963603694
76561198160828446
76561198054222855
76561198070218000
76561198441485587
76561199171232046
76561198804583092
76561198183214581
76561199196412056
76561199103773232
76561199203789855
76561198862340994
76561198422213250
76561199034680396
76561198341351890
76561198228907960
76561199128203647
76561198444339054
76561198377276732
76561199160858349
76561198283371689
76561198315935834
76561199074554344
76561199202630874
76561198239278018
76561198958756157
76561198870459520
76561199162753003
76561198980139405
76561198050030406
76561198200087637
76561198989601140
76561199004435107
76561198192997706
76561197970390188
76561199109654437
76561199201544791
76561199110585935
76561199195547331
76561198823328399
76561199182065810
76561199194355109
76561199193587727
76561199068392320
76561199083189187
76561198173260026
76561198389640844
76561199113139015
76561199112092367
76561198159071023
76561199196126493
76561199187318786
76561199117401774
76561198280557591
76561198168555627
76561198964745955
76561199184841794
76561198194876998
76561199199371707
76561199158322381
76561199173509531
76561198227772812
76561199114748043
76561199073022998
76561199087580331
76561199177415093
76561199027697928
76561198166881998
76561199190613744
76561199180921433
76561199042314864
76561198211283924
76561199129716094
76561198881643326
76561198426025313
76561199203427903
76561199156814085
76561199056706979
76561199066046926
76561198438994588
76561199200169704
76561198355987176
76561198244892326
76561199178688765
76561199190963116
76561199015110944
76561199190808180
76561199070796828
76561199156191794
76561198406646701
76561199114244974
76561198294565001
76561199037684985
76561199055781181
76561197995526618
76561198219336851
76561199081090297
76561199154525340
76561198402889513
76561197961724937
76561199138154516
76561199097347204
76561199188066451
76561198015543200
76561199003269658
76561199177226142
76561198804853821
76561199189520999
76561199037340463
76561199122213107
76561198804036496
76561199195961252
76561198272303700
76561198883667666
76561199135814128
76561198829548613
76561199178652596
76561198808837791
76561199196289228
76561198947445151
76561198887643878
76561198330965939
76561199196334543
76561199013109392
76561198091731057
76561198343975451
76561199049240832
76561199153038942
76561198833249335
76561199184569956
76561199083013812
76561198874474026
76561198418256715
76561198050142793
76561198857004096
76561198843175896
76561199032740487
76561198217619689
76561199154846960
76561198026692121
76561198812110937
76561199001649360
76561199017855667
76561198812734745
76561199107897281
76561199016121098
76561199112747542
76561199005019727
76561199093816763
76561199135979131
76561199111925893
76561199111084087
76561199071447385
76561199194197875
76561199164315896
76561199104819340
76561199164874164
76561199042367391
76561199166673704
76561198154391509
76561198434256946
76561199032595849
76561199199809029
76561198958899156
76561198161215707
76561199161321715
76561199202711613
76561199188319136
76561199204317835
76561198796618028
76561198208445120
76561198797044403
76561199140506031
76561199185728364
76561199140960047
76561199042143000
76561198860264712
76561199191674270
76561198395585506
76561197993579753
76561199146335326
76561199202453094
76561199078851015
76561199091362712
76561199194991165
76561199032904146
76561199147096691
76561199188373815
76561199189042651
76561199189967053
76561198077953541
76561199190848349
76561198887867525
76561199013056274
76561198997501015
76561199195509028
76561198850000320
76561198171471223
76561199189877231
76561199070918573
76561199178230314
76561199189721569
76561199082499377
76561199192053053
76561199027169468
76561199149466244
76561198846770742
76561199165094594
76561198413582805
76561198833173621
76561198885544228
76561199061953036
76561198842169244
76561199177796921
76561198967574630
76561199151420222
76561198229402112
76561197964554828
76561198177081706
76561199116720557
76561199071021174
76561198392210526
76561199155458892
76561198446210329
76561199122407668
76561198011165399
76561197997564609
76561198240440432
76561198840139207
76561199022771504
76561199098992392
76561198896175063
76561199069064254
76561199004623705
76561198841112220
76561199135076873
76561199037496275
76561198286949608
76561199089682452
76561198136596488
76561199111100071
76561198353579687
76561198451602498
76561199173753637
76561198430683758
76561199108753494
76561198341929205
76561198990698085
76561199149341918
76561198865496601
76561199195407139
76561199189305240
76561198399766980
76561198388214451
76561199091335019
76561199187682170
76561198109134075
76561199114017963
76561199188084288
76561198039823930
76561199189336008
76561198369121457
76561199076217619
76561199188036819
76561199178488553
76561199190405240
76561199191464326
76561198438959512
76561198985825104
76561198894123589
76561199089160462
76561198982438138
76561197983271456
76561199197534451
76561198436113140
76561198368526978
76561198311522921
76561199147738110
76561199176076460
76561199195323324
76561199042980853
76561199198448654
76561198997157214
76561198874992422
76561198247090546
76561199119434000
76561199192446017
76561198938478124
76561198279237045
76561198283579513
76561198999698650
76561199101323935
76561199019958940
76561198870341755
76561198834147843
76561198961353969
76561199063418905
76561198119944653
76561198876025415
76561197962526271
76561198442892121
76561198973626668
76561198142855921
76561198844868257
76561198843250552
76561199087540366
76561199021922944
76561198406345082
76561199192377475
76561198356001953
76561199105903336
76561199071475165
76561198977071899
76561199014602307
76561199132776793
76561198153260583
76561199023549762
76561199192853239
76561199071343647
76561199090823212
76561199131364828
76561198051765705
76561199200766659
76561198071223912
76561199199309843
76561199007932008
76561199206227732
76561199113278348
76561199113573408
76561198347510694
76561199185959318
76561199187194316
76561199060652743
76561199188313396
76561199204356931
76561199190871210
76561199141949924
76561199012348445
76561198014166270
76561199192814434
76561199013604755
76561198916713084
76561199193833864
76561198379547791
76561198083961911
76561198850638506
76561199145881613
76561199123450734
76561199021205265
76561199188901745
76561198277174548
76561198362754045
76561198432708809
76561199189729197
76561199189539523
76561198097181177
76561199192540953
76561199192862789
76561198412865163
76561199085236460
76561199166373588
76561199116380485
76561199189617313
76561199003412291
76561199107947824
76561198446209858
76561199064641440
76561199150961886
76561198437779857
76561199153206517
76561198152313488
76561198198183207
76561198888394176
76561198322152807
76561198973587805
76561199059696306
76561199170657683
76561199115973144
76561199113792909
76561198166764943
76561199201349539
76561199079436346
76561198932366914
76561199185915762
76561199201617637
76561198451918616
76561199138120920
76561198164758504
76561198351071698
76561198268888907
76561199090809050
76561198451082317
76561199190316536
76561199041283039
76561199064553354
76561199087319277
76561198074194687
76561198970813203
76561198167343496
76561198195217029
76561198995126075
76561199195289879
76561199192157102
76561199057557890
76561199095783920
76561199143202095
76561199141888973
76561199193468102
76561199174951160
76561199193486362
76561199192116541
76561199199343043
76561199133736826
76561199152471024
76561199176884208
76561198056121367
76561198819625133
76561199082193086
76561199097816108
76561199107437981
76561199146994946
76561199103376452
76561199022263475
76561198141224554
76561198382925465
76561199198575294
76561199043038177
76561198433498155
76561199149133705
76561199182189049
76561198333876205
76561199125944459
76561199166158193
76561199122896560
76561199030680610
76561199100703759
76561198958960225
76561198122836912
76561199203931886
76561198826441014
76561198999940762
76561198298697924
76561198281990583
76561198839007344
76561198204771799
76561198425012505
76561198873488597
76561198366206532
76561199104051917
76561198450246448
76561198101598706
76561198183474567
76561199157254197
76561198859542232
76561199198942732
76561198322615867
76561198811650967
76561199207946698
76561198011927761
76561198998478018
76561199051709518
76561198981057223
76561199163757229
76561198859219212
76561199164146135
76561199163451839
76561198979265489
76561198347912587
76561199032741491
76561198986918315
76561199200545871
76561199036886254
76561199161659380
76561198353220377
76561198128345610
76561199131841018
76561198925092988
76561199084617305
76561198288304415
76561199076154934
76561199023602987
76561199006569613
76561199197187099
76561199145858222
76561199048792420
76561198243546314
76561199092809360
76561198434612144
76561197963405341
76561199200642869
76561198075848709
76561199187382784
76561198808709377
76561198128320681
76561199177853885
76561198980554646
76561198843792902
76561199003437167
76561199001461622
76561198301233999
76561198361113404
76561198801900357
76561198419358249
76561199136232289
76561198180659405
76561199128410185
76561199201720975
76561199119183321
76561198305534502
76561199154047450
76561199104465303
76561199073223276
76561198217837617
76561199190714500
76561199155609004
76561198956941929
76561198795851926
76561199101189889
76561199026086972
76561198168595349
76561199208659865
76561199059357899
76561198862527171
76561198976802620
76561198056419181
76561199036691914
76561199046719361
76561199068087900
76561198079590905
76561199079727672
76561198808702212
76561198331342956
76561198896451556
76561199192710377
76561199119614356
76561199181610620
76561199050790181
76561198815981855
76561199194084613
76561198984150553
76561199194601173
76561199181427370
76561199151269441
76561197987124126
76561199052597887
76561198338187930
76561198089397280
76561197991749437
76561199024825269
76561199050936775
76561199055389717
76561199185064604
76561199185025380
76561198156384585
76561199172948243
76561198952498844
76561198111027095
76561198854695524
76561198863388231
76561197964641031
76561199019829835
76561199124858255
76561199052976764
76561198353212297
76561198899460614
76561198807760166
76561199192844489
76561199193657317
76561199193634983
76561198161208318
76561198990805069
76561199193984347
76561199112602717
76561199125374107
76561199198440769
76561198341305118
76561199112059996
76561199007370775
76561198411423007
76561199116649169
76561199119816051
76561198049656634
76561198353911482
76561198862721634
76561199186350530
76561199138822451
76561199138969909
76561199163856992
76561198255705166
76561198233038588
76561199188192768
76561199203943773
76561198405381061
76561199206138947
76561198247003432
76561198156363040
76561198265118105
76561199126343678
76561198099796970
76561198085672623
76561199173703110
76561199046777753
76561199173053048
76561199191773222
76561198972068338
76561199016384500
76561199143693307
76561198271396020
76561199179011367
76561198832937350
76561198827844241
76561198374190838
76561199144025292
76561198342553857
76561199046026505
76561199022844281
76561199188503718
76561199188070740
76561199101608926
76561199167738790
76561199203849141
76561198000395729
76561198354098078
76561198420512359
76561199205000159
76561199116978970
76561198880603473
76561199167616014
76561199166217531
76561198986699369
76561198858493524
76561198313160658
76561199131307427
76561199104701234
76561198162231918
76561199081222072
76561198147371611
76561198393006853
76561198931377707
76561198415001356
76561198064795417
76561199079841717
76561198827982284
76561198216956180
76561197969410688
76561198883207535
76561198178246665
76561199189079089
76561198117032253
76561199204194069
76561198261017253
76561198151779765
76561198993583209
76561198135123814
76561199169298511
76561199192443813
76561199058080023
76561199151637801
76561199014316725
76561198289342360
76561198874021048
76561198131195348
76561199177537009
76561199124296120
76561198453045388
76561198369308296
76561199155801011
76561198829937558
76561198354765911
76561199021697694
76561198253690091
76561199088641868
76561198075809042
76561198134796405
76561198884660959
76561199136115968
76561198884217227
76561198156393043
76561198292302352
76561198097410828
76561198844910988
76561199145674552
76561198268678759
76561199169097680
76561199139863375
76561198982508420
76561198420306436
76561199188843514
76561199172517468
76561199172421620
76561198990388147
76561198423048371
76561199191400838
76561199191704258
76561199173981589
76561199192071984
76561199192672270
76561198261704614
76561198841122511
76561199193600168
76561199143203705
76561199184756707
76561199173155941
76561199142689734
76561198844395558
76561199145046571
76561198419116484
76561199194923870
76561198015860382
76561198178001754
76561198985059621
76561199090169791
76561199073889562
76561198276067460
76561198964527324
76561199196404646
76561198030713354
76561197961749485
76561198131801550
76561199146111318
76561199196184750
76561199181824135
76561199031845697
76561199203269791
76561199191766751
76561199078831252
76561199075456256
76561198283225816
76561199066732627
76561198343180349
76561199093780879
76561199098771538
76561198872323668
76561199072806078
76561199013930959
76561198355306604
76561199186841685
76561198403895808
76561199179676669
76561199190461806
76561198847394293
76561199139302636
76561199010922217
76561199136194629
76561198990697777
76561197996885663
76561199108026021
76561199033012215
76561198881617497
76561199002279092
76561198051333116
76561198349342526
76561199074235746
76561198871227032
76561198034695975
76561199175865822
76561198272548494
76561199199538391
76561199143221858
76561198019762748
76561198211529073
76561198821169659
76561198994434411
76561198123864489
76561199189313457
76561199179582166
76561198327932930
76561198872493891
76561199191969493
76561199149570455
76561199205396418
76561199191838433
76561198060442525
76561199094149695
76561199162797311
76561199094094107
76561199122090718
76561198206941969
76561198117691382
76561199153077043
76561199015272708
76561198214432516
76561199193957835
76561199169231433
76561198846280082
76561199000519454
76561199025851467
76561197998485059
76561198954006283
76561198850187130
76561199106857604
76561198019357699
76561198805443160
76561199154997882
76561199060106987
76561198977566865
76561199166460465
76561199091984897
76561199162602032
76561199205016282
76561198982591189
76561199171017820
76561199185644970
76561199193611723
76561198354002977
76561198265114991
76561198809624466
76561199134473644
76561198396802744
76561199169541757
76561199202025279
76561198818379343
76561198814323344
76561199135392878
76561199198943629
76561198345580316
76561199119063923
76561199199710765
76561199201520235
76561198981185716
76561199188858320
76561198207211851
76561199026472542
76561199187601806
76561199143555502
76561198823313685
76561199068067211
76561198141322401
76561199072439878
76561198400599145
76561199196174426
76561199056561474
76561199072630612
76561199192621470
76561199057671775
76561198276914645
76561199011299061
76561199193203050
76561198123714838
76561199174673310
76561199184488445
76561199099285145
76561199184555339
76561199013570375
76561198169876059
76561198373352226
76561198979015462
76561198424045723
76561199185359522
76561198200220954
76561198930589131
76561199027962263
76561198882857907
76561197998812432
76561198375913772
76561199046674645
76561199191468170
76561199191692208
76561199192005028
76561198396644394
76561198163211799
76561198879304984
76561199120427097
76561198180718443
76561198885312745
76561199177126263
76561199141504414
76561198829373626
76561199073504758
76561198058785173
76561199111734064
76561199147727563
76561198278390860
76561199070431976
76561198799319882
76561198279669368
76561198173537191
76561199196585228
76561198956921352
76561199084358600
76561198431059805
76561198991513649
76561199098384206
76561198204437168
76561199161777099
76561199047857006
76561198976524943
76561199092497138
76561198968179004
76561199145579738
76561198115324768
76561198987733742
76561199033118396
76561199103357966
76561198289676702
76561198845021130
76561198162890106
76561198109633846
76561198893332704
76561198127160152
76561199108134497
76561199133228203
76561199068855600
76561199042300702
76561199005514205
76561199194116545
76561199161410533
76561199173594779
76561199054624235
76561199183913616
76561198400944087
76561199069697645
76561199172941641
76561199198898569
76561198406637596
76561199146095673
76561198988746569
76561198928476393
76561198846444874
76561199129125712
76561198179047917
76561199198810804
76561198061730544
76561198258407168
76561198999646566
76561199113405387
76561198886490232
76561198078232510
76561198114456989
76561198107204553
76561199101141536
76561199162509596
76561198040752400
76561198809633091
76561198009780453
76561198407269605
76561198949936382
76561198184500509
76561198301774891
76561198977244599
76561199160230334
76561198262973603
76561198185649771
76561198970669476
76561198814462929
76561198387319993
76561198985282588
76561198380294217
76561198934239294
76561199184515790
76561199198767863
76561198810996866
76561198867845282
76561198886343963
76561198112773209
76561199138104383
76561199114164914
76561199175083399
76561198876486296
76561198416535234
76561198354099366
76561199189611096
76561199140526667
76561198877169002
76561198979336948
76561198087967204
76561199013658760
76561198300399117
76561199033796796
76561199194862243
76561198995998696
76561199073679200
76561198977634118
76561199154058984
76561199011863362
76561199123984057
76561199131842240
76561199098783946
76561198367145936
76561198984249172
76561199195918472
76561198797267734
76561198874517148
76561198291041336
76561198298498500
76561199162449609
76561199019085629
76561199062196278
76561198960793171
76561198946743914
76561198332917270
76561198423412154
76561199145628765
76561198978680181
76561199140979631
76561198402116724
76561199106840747
76561199142603619
76561199108743777
76561199089161454
76561198862853790
76561198390676851
76561199189147181
76561198237664556
76561199200605443
76561199178908871
76561199110116124
76561199197731619
76561198391023674
76561198166142318
76561199168636127
76561198876998511
76561198328134666
76561199066772839
76561199111322308
76561198956955250
76561198294888997
76561199165185844
76561199025735228
76561198400594638
76561199006786293
76561199197472075
76561199013612628
76561199184037660
76561199184350646
76561199197517739
76561197961116740
76561199198929497
76561199198759261
76561198401469965
76561198798586055
76561199093198240
76561198862590578
76561199022387553
76561198042885842
76561198799327321
76561199175084313
76561198973254794
76561199187606992
76561198984834299
76561198065439624
76561198114983979
76561199188020800
76561199188988216
76561198868719560
76561198073069235
76561199027592558
76561198869563439
76561199178860887
76561199088963039
76561199017413772
76561199190175370
76561199190094230
76561199047415037
76561198851153137
76561198939974331
76561198151685812
76561198799821197
76561199191231872
76561198263741964
76561199106756381
76561198887545902
76561199157501919
76561198342755529
76561199182800297
76561198163462818
76561198059910223
76561199185025201
76561197977005694
76561199058942691
76561198033206681
76561199121254071
76561198821963305
76561199177546368
76561198810690104
76561198145282878
76561199092148907
76561199117999718
76561199188642163
76561198315662363
76561198410990257
76561198814843444
76561199190906703
76561199191825607
76561199190480925
76561199191235257
76561198139024276
76561199188081108
76561199047094259
76561199060635949
76561198430829104
76561198206342796
76561198999827496
76561199101556287
76561199068755453
76561198966775722
76561198361428264
76561199061471518
76561199144857632
76561198839874632
76561198346654260
76561199170003973
76561198881180713
76561199191570900
76561198883544778
76561199183767961
76561199143763063
76561199143128745
76561199090384349
76561199183398637
76561199184258075
76561199101730437
76561198840110899
76561199054932584
76561199044637890
76561198256913794
76561199085219732
76561198315199617
76561199028609607
76561199082099704
76561198409346154
76561199186002913
76561199067407193
76561199193948704
76561199102409132
76561198828260185
76561199192755673
76561198102946681
76561198412331021
76561198998195376
76561199017212029
76561199036001685
76561199187678780
76561198940624981
76561198972796043
76561198294027428
76561198966738514
76561198966862364
76561199174124093
76561199123632764
76561198424126664
76561198217319565
76561199092601820
76561198937435394
76561199048675146
76561199128144941
76561198124011309
76561198441063527
76561198875290886
76561199155807593
76561199104565855
76561199102019361
76561198852223236
76561199158696369
76561198041992697
76561198951530485
76561199085014882
76561199182695704
76561199101359806
76561198224715156
76561199126074772
76561198887668561
76561198058848538
76561198946403524
76561199065390268
76561199040559172
76561198343724770
76561199103148399
76561199155898339
76561198988105652
76561198283739237
76561199155425740
76561199047783414
76561198140809739
76561198977051183
76561199141806242
76561199109544347
76561199089999326
76561199077214013
76561198864191395
76561199194511549
76561198249799410
76561199183207090
76561198133099160
76561198012129840
76561198113076726
76561199072831097
76561199124577098
76561199197848705
76561199184886906
76561198173555945
76561198372290499
76561199185005608
76561198426023530
76561199186054850
76561198820669437
76561199186456560
76561199026911652
76561199200955911
76561198811992667
76561199187132626
76561199136431132
76561199168364704
76561198992229881
76561198031400190
76561199086942695
76561198841402813
76561199190924382
76561198440024568
76561198361474618
76561198928907499
76561199086310126
76561198152022360
76561198159707425
76561198994123380
76561199186284309
76561198341607230
76561199198303811
76561199185197586
76561198848941408
76561199186278100
76561199185860428
76561199041118186
76561198033796504
76561199133591957
76561199187290518
76561198264684198
76561198993507353
76561199188562426
76561198993796770
76561199093547642
76561198864441244
76561198116894041
76561199010056613
76561198955999490
76561198967480297
76561198121749784
76561198204709829
76561198968547147
76561199010849261
76561198994787550
76561198800040883
76561199049228068
76561198831542578
76561198110279008
76561199057850307
76561198381769545
76561199181164106
76561198844589712
76561198881275647
76561198834444667
76561198834402828
76561198969254745
76561199184191637
76561199053399294
76561199185194957
76561199074739837
76561199187521399
76561199102157036
76561199042511259
76561198801504175
76561199188928099
76561199092388907
76561198993519440
76561198886416767
76561199178285758
76561199179452754
76561198872201431
76561198329693199
76561199179414880
76561198848812974
76561198884088669
76561199173400132
76561199191658209
76561199071840618
76561199202343991
76561198339470264
76561198339455982
76561197963380128
76561198089298005
76561199058475451
76561198993819661
76561198082141301
76561199121603384
76561198138874044
76561199108426904
76561199190306126
76561198979668120
76561198803670622
76561199111397094
76561198977474761
76561198119608202
76561199190749671
76561198028250618
76561199176229076
76561198044346317
76561198144791475
76561198837161880
76561197990418897
76561198976537508
76561198376977382
76561198452560139
76561198301322213
76561198215874133
76561199148982741
76561198989036628
76561199146269828
76561198052634858
76561198061381737
76561198822304217
76561199178943408
76561198990454685
76561198074627798
76561199067427228
76561199202373080
76561199075873059
76561198264911726
76561199191817715
76561199108917370
76561198884153110
76561199174580633
76561198394468732
76561199076120182
76561198999350678
76561198999206668
76561199029918439
76561198810628077
76561198437075185
76561198447235569
76561199090539801
76561199203912068
76561198971396313
76561198123847210
76561198804055094
76561198035191342
76561198976613632
76561198353890493
76561199145139792
76561198386936264
76561199179191832
76561199191529699
76561199013479209
76561198868570313
76561199046920637
76561198994508238
76561198284987532
76561199038803786
76561199063167663
76561198318469175
76561199056139251
76561199061438674
76561198125006205
76561198968327110
76561198972692573
76561199064644575
76561198009365101
76561199099359585
76561198809678145
76561199051404671
76561199017218201
76561198200230026
76561199157242888
76561198894483051
76561198894473283
76561198205535427
76561198966838302
76561199163528315
76561199074604895
76561199165109205
76561198370506350
76561198977550984
76561199024861939
76561198060945690
76561198948946963
76561199169716367
76561199082033751
76561198335750708
76561199193946571
76561199092623331
76561199025331672
76561198262395661
76561199008609730
76561199198079285
76561199025513766
76561198986708156
76561197997738004
76561198009545365
76561199135690665
76561199199214605
76561198998479663
76561199110161142
76561198070327789
76561198880684625
76561198044094693
76561198345638733
76561199114730296
76561199013105387
76561198979595223
76561198872423756
76561198329268331
76561198884486508
76561198034916521
76561198335032972
76561199013612121
76561199201490868
76561198440981567
76561199082913528
76561198822438830
76561199196277117
76561199148934698
76561198384972457
76561198971169777
76561199065486771
76561199014876619
76561199162537872
76561199013711248
76561198384134521
76561199127450229
76561199000621756
76561198296229522
76561198451400373
76561198451808969
76561198863680542
76561198237433380
76561199085680516
76561199002003266
76561198858689364
76561198047341497
76561198350136705
76561198951160400
76561199002043189
76561198092097499
76561199036521827
76561198994157602
76561198124554610
76561198170383797
76561198808968416
76561198332692856
76561199054061993
76561198805485870
76561199015635620
76561199101789253
76561198864281061
76561198264105379
76561199054161461
76561198007850166
76561199196036829
76561198967265106
76561199096578230
76561199196469776
76561197967828205
76561199166973156
76561199173051729
76561198840928472
76561199195371287
76561198295200960
76561199124191360
76561198341083041
76561198981149617
76561198203055271
76561199071841615
76561198049745543
76561199098350037
76561198276152249
76561199102637934
76561199128271080
76561199107143236
76561198150619013
76561198184033129
76561198748031626
76561199168607887
76561199051578728
76561198821067448
76561199036358847
76561199009643413
76561199053281407
76561199004284318
76561199134304509
76561198276073479
76561198328346878
76561199135468277
76561199054433351
76561199125481636
76561198859817783
76561199195436845
76561199014465180
76561198951025335
76561199182157000
76561199195846135
76561197998027348
76561198250129184
76561198378506668
76561199183743996
76561198928572042
76561199022470732
76561198798519751
76561198253869098
76561199200887889
76561198873494493
76561199163986021
76561199088341442
76561199175531739
76561199186522872
76561198819754923
76561199066380378
76561199056030771
76561198872303377
76561199188271194
76561198812432824
76561198965346973
76561199200715294
76561199188280888
76561199008586359
76561199189336762
76561199009414750
76561199092792904
76561199200658465
76561198414452084
76561198986803171
76561198416194144
76561199114303395
76561198217589231
76561198799282633
76561198277582038
76561199064034201
76561199098771660
76561198131788398
76561198961504812
76561199189782244
76561199170030648
76561199189785694
76561199113787340
76561198378042681
76561198208080545
76561199181144649
76561199043874827
76561199182247715
76561198189715179
76561198981680976
76561198821743894
76561199091062051
76561198800698967
76561199185492337
76561197967039244
76561198150911107
76561199057179216
76561198882544647
76561199176537782
76561198304144061
76561198870019983
76561199145222820
76561199094012830
76561199189498883
76561199113359946
76561199147985155
76561199098440796
76561199059751736
76561199146214966
76561199201573634
76561198058610848
76561199190582463
76561199099608217
76561199113534317
76561198989726639
76561198846129442
76561198872603215
76561199060343538
76561198094986145
76561198114761801
76561199013918885
76561198875500782
76561198344716853
76561199101235425
76561199170028234
76561198834820480
76561199186969204
76561199177453900
76561199187320812
76561199187137194
76561199187631080
76561198981435454
76561198886186049
76561199106778616
76561198356379868
76561199079314200
76561197974940379
76561198332815417
76561199106054348
76561199181476698
76561198263563238
76561199026050533
76561199131003699
76561198974394842
76561198269190996
76561199142354088
76561198882484893
76561199012037079
76561199046745485
76561198916987262
76561198061176256
76561198824870086
76561199012084048
76561199044426080
76561198001330582
76561199070108147
76561198249378320
76561198118855713
76561199182913080
76561198170846015
76561199091827919
76561199135167571
76561198428808838
76561199040525633
76561198818373537
76561198140401064
76561198280112324
76561198242468330
76561198162941677
76561198409580200
76561198329262093
76561199096917165
76561199167893951
76561199192621291
76561198438029542
76561198148384080
76561198310252345
76561198075421923
76561198847301434
76561199145901655
76561199150807534
76561198960274023
76561198849019448
76561198999842026
76561198386454545
76561198210634495
76561198187706737
76561199180796418
76561199195446423
76561198168262690
76561198869216135
76561199038785928
76561199054411259
76561199164509732
76561199125062619
76561199039764380
76561199166740688
76561199198483107
76561199166243638
76561198867512750
76561198297452281
76561199073505879
76561199186045546
76561198083056956
76561199169516362
76561199162957022
76561198353703788
76561199171994986
76561199169485592
76561199188922320
76561199188676630
76561198799297813
76561199189403728
76561198158549039
76561199088853400
76561199007283045
76561198410497889
76561199060629238
76561198319569200
76561199115333085
76561198021250438
76561199179736879
76561199194198908
76561199076447633
76561198039825421
76561198982600446
76561199114764913
76561199191524410
76561198075010813
76561199123902997
76561198915845322
76561198043534488
76561198095378526
76561198869250656
76561199012480849
76561199101892020
76561199116943258
76561198373712472
76561198177729121
76561199181991809
76561199059113542
76561199186777397
76561199177360640
76561199111603444
76561198354258686
76561199165675583
76561199009278770
76561198203921245
76561198283602428
76561199180223193
76561198073053659
76561198854380501
76561198880880746
76561198941790888
76561199173064680
76561198820217877
76561199014829984
76561199051520169
76561198104403974
76561199044185870
76561199074498480
76561199190646962
76561199084717256
76561198409942575
76561198389716712
76561199198424597
76561199059682854
76561199068802549
76561199190325737
76561199189778203
76561198127043761
76561199045782416
76561198390959743
76561198839134549
76561199005897601
76561198929201531
76561199013500451
76561199080569838
76561198382574345
76561198399601426
76561199190542214
76561198203116870
76561199124457121
76561198101207869
76561199196488138
76561198035056383
76561198995030298
76561198999903598
76561199019402568
76561198873808614
76561198150968844
76561199159767594
76561198810393518
76561199101977872
76561199032139358
76561198366190267
76561198303881740
76561198829220770
76561198138298271
76561198368192075
76561198958357805
76561199088072162
76561199087859392
76561198976202259
76561199105829494
76561199161444184
76561199116166376
76561199179211967
76561199178327901
76561199170782688
76561199079796110
76561198149833914
76561199190733154
76561199009927872
76561199010058462
76561199043070073
76561198139628298
76561198037330270
76561198406611887
76561198134071364
76561198170554462
76561199191875540
76561198907043846
76561198132108636
76561199048376986
76561199161096473
76561199138562428
76561198341211460
76561199102793765
76561199074729704
76561199004477228
76561198144574941
76561199146124801
76561199136625841
76561199026623256
76561199143757140
76561198035116850
76561199188016879
76561199176418824
76561199201433815
76561199013089053
76561199200733893
76561199189484577
76561199179303662
76561198829241429
76561198839343522
76561199137760253
76561199015967305
76561198872229498
76561198272569587
76561198298048745
76561198205774900
76561198361384729
76561198071341313
76561198282036334
76561198832093416
76561198833677500
76561198148860951
76561199113189919
76561199030228619
76561198885589089
76561199097514399
76561199100584347
76561198800963538
76561199204759362
76561199030424172
76561199108961036
76561199194285529
76561198955718276
76561198332274040
76561198926172134
76561198398013488
76561198964075849
76561198978949436
76561199181736344
76561199182267728
76561199182126118
76561199195397511
76561199182664716
76561199074480210
76561198214304133
76561198305310206
76561198401822908
76561198881077339
76561199085061651
76561199167651942
76561199185664406
76561199056572672
76561198189354514
76561199008387538
76561199174961123
76561198116719693
76561198407498734
76561199187460494
76561199199616881
76561199189463700
76561198374044939
76561199027048462
76561199189231549
76561199196364587
76561198219697209
76561199088678909
76561199056551702
76561199068953746
76561199013214498
76561198932283850
76561199182117329
76561198358044917
76561198936699080
76561198867962660
76561199074649422
76561199143862530
76561198368903956
76561199099900982
76561198810398038
76561198340336015
76561199175749606
76561198299429786
76561198380791416
76561199186107607
76561198147296602
76561199105078054
76561199079491769
76561199186082235
76561198076493556
76561198273362752
76561198386759487
76561199188011645
76561198974242094
76561198989207562
76561199165537784
76561199035743127
76561198236716822
76561199133211591
76561199087664786
76561199165017489
76561199070394617
76561199105173196
76561199020066803
76561198049749757
76561197968367523
76561199110787208
76561199112869496
76561199137181752
76561199043044251
76561198418485287
76561199184383722
76561198273459029
76561199007302660
76561199091922492
76561198879275594
76561198380038882
76561197979192050
76561198019135412
76561198992396321
76561199186684038
76561199186581500
76561199186248622
76561198351595742
76561199186032618
76561198255809212
76561199176351827
76561198846122367
76561199087231301
76561199144849322
76561199170182406
76561199045300555
76561199088123817
76561199015161122
76561199172743685
76561198913714411
76561198335547400
76561199178792549
76561198930085943
76561198345131991
76561198995011259
76561199087486526
76561199195028814
76561197988584919
76561199182805537
76561198169275913
76561199134433490
76561198268948076
76561198862236484
76561199058942801
76561199012155315
76561198994350347
76561198853740388
76561199006004697
76561199162045505
76561199161088914
76561199179177824
76561199070163909
76561198807600508
76561198047584132
76561199132306606
76561198885247182
76561199074520535
76561198001358006
76561198954172366
76561198247070204
76561199068204100
76561198863888366
76561198864731221
76561199090736946
76561199024648848
76561198136687971
76561199112651451
76561198452576560
76561199134439742
76561199125135394
76561199195556219
76561199103252201
76561199171179931
76561198265217967
76561199039393219
76561199018841091
76561199183929144
76561199183822760
76561199198613339
76561198838856941
76561198979822892
76561198039700385
76561199135484838
76561199136128398
76561198389134077
76561199185408212
76561199199530823
76561199185300664
76561199186059166
76561199187188974
76561199122028926
76561199027334202
76561198322816894
76561199163430390
76561198131126570
76561199022873875
76561199046765116
76561198806381970
76561198869043372
76561198158041041
76561198803089802
76561199189467432
76561199116234496
76561198961092314
76561199083476531
76561198035191342
76561199009066113
76561198380975622
76561199168589111
76561199080011248
76561198410285033
76561198146611184
76561198421224198
76561199102082720
76561198188711561
76561199144305041
76561198037966138
76561198283211962
76561198040093463
76561198368430107
76561198159499780
76561199056192499
76561198087276228
76561198840065849
76561198082304391
76561199065859964
76561198243182860
76561198236243414
76561199087414030
76561199195452234
76561199080460626
76561199192602264
76561198991841540
76561198397851481
76561199166386295
76561199064170601
76561199168513257
76561198969269275
76561199193813255
76561199112002897
76561198185431470
76561198169166885
76561198848428827
76561199110811862
76561199013494246
76561198271909077
76561199080587963
76561199184457334
76561199113293713
76561199073074267
76561199197496195
76561198272368105
76561198933605366
76561199026241032
76561198802021979
76561199098195418
76561198250623796
76561199114379582
76561199014121442
76561199201470103
76561199175078763
76561198960408284
76561199169788188
76561199190472318
76561199189922338
76561199078152869
76561199121010461
76561198995726474
76561198152751582
76561198170427669
76561198977745891
76561199187684869
76561199187701261
76561198981090515
76561199048930785
76561198429217911
76561198356692226
76561199012628366
76561199104574168
76561199178286842
76561198403077544
76561198040428476
76561199192278329
76561198393055237
76561198210800833
76561198087335195
76561199048171586
76561199131685574
76561198370888743
76561198814496378
76561199075459340
76561198121979696
76561198449574015
76561198407047477
76561198837846124
76561198212045823
76561199129402047
76561199054250078
76561199129350650
76561198036377693
76561198284524347
76561199106326632
76561198388082245
76561199120169172
76561198970961979
76561199074498758
76561198977304106
76561198291867147
76561199070901633
76561198891060953
76561199086152890
76561198864584474
76561199111558751
76561198963874525
76561198245382202
76561199016031268
76561198086561505
76561198866399780
76561199182456498
76561199199036267
76561199021572619
76561198338279316
76561199025450042
76561199200094868
76561198352844155
76561199150863259
76561199177458453
76561199102456720
76561199102690706
76561198321773349
76561198443439771
76561198956469071
76561198425865680
76561198853651983
76561199116011477
76561198994633610
76561198082702006
76561198832974626
76561198878377923
76561198092251421
76561199111497969
76561198113993627
76561199163811202
76561198803888512
76561198380028039
76561199192053281
76561198957114564
76561199194390779
76561198866091662
76561198400215776
76561199069126746
76561199183443186
76561199113155423
76561198401184045
76561198868640524
76561198263857568
76561199116343159
76561198401457067
76561198030579937
76561198095129452
76561198060055438
76561198191751781
76561198350165472
76561199192262460
76561199188145028
76561199188254670
76561198426183185
76561198828057107
76561198981528170
76561199188815014
76561198420079777
76561198960623412
76561199116691868
76561199189856038
76561199178723381
76561198896256382
76561198191460841
76561199174814039
76561198267450319
76561198393643030
76561199081760047
76561199116563276
76561199175734512
76561199179431933
76561198821897653
76561199153971662
76561198866289062
76561198302645030
76561199064157819
76561198144181012
76561198355268359
76561199083833142
76561199005920231
76561199056594685
76561199155342917
76561198065525188
76561198855809503
76561198220244920
76561198201857454
76561198252916687
76561198313856202
76561198261948033
76561199129710818
76561198200510315
76561198960676345
76561199089124132
76561199201653753
76561199115507691
76561199004627505
76561198975828504
76561198798937381
76561197964197945
76561199070198576
76561199182139630
76561199069352215
76561199090471152
76561198844121419
76561199197294778
76561198419094066
76561199183524086
76561199182528500
76561199184319512
76561199007271012
76561199048357358
76561199073416469
76561198356600438
76561198407298526
76561199093253360
76561198359174030
76561199175513203
76561199050196479
76561199042221496
76561199042245564
76561198157086764
76561198364825142
76561198356626724
76561199150670268
76561199197535753
76561198138242409
76561198359280690
76561199161599809
76561199057182320
76561199191558460
76561199093485005
76561199043580558
76561199144273228
76561198076845055
76561198395858061
76561198372861010
76561198176216049
76561198145496031
76561199012314276
76561199189437517
76561199198873872
76561199196815710
76561199189224531
76561199190077475
76561198113719057
76561199077698087
76561199059857199
76561199193120689
76561198286735846
76561199123762347
76561198289140726
76561198893626518
76561198122374587
76561198886564284
76561199195937666
76561198447858235
76561198868931892
76561198105763756
76561198275194375
76561198836981232
76561198157593654
76561198315027741
76561198838041832
76561199074722822
76561199074491363
76561198982424241
76561198953165953
76561199102324371
76561198110413538
76561199074709138
76561199158845121
76561198959045125
76561198853767606
76561199167607851
76561198322424717
76561199067552916
76561199163813175
76561199144976026
76561198891033583
76561198111206928
76561199036916180
76561198204169797
76561198864572677
76561198929761567
76561198139056850
76561199035927786
76561199071395433
76561199071732137
76561198139981015
76561199182329846
76561199182219296
76561199189366046
76561198965636908
76561199171052285
76561199030148796
76561198200254982
76561199161071050
76561199088998355
76561198109561608
76561198448420280
76561198277897768
76561198966507262
76561199049821238
76561198136496214
76561199199725584
76561199133578988
76561199075353064
76561199180871430
76561198336359999
76561198356624540
76561198286528366
76561199122348832
76561198182336211
76561198872988678
76561198970493721
76561198833634376
76561199080883739
76561198996562581
76561199058675520
76561198284928413
76561199083752141
76561199166190410
76561198143422940
76561198000917914
76561197974758089
76561199152202495
76561198874485576
76561198297608216
76561198399460656
76561198806381531
76561199194515703
76561199039752584
76561198065950527
76561198856364112
76561199102626705
76561199140898733
76561198807390589
76561198829460941
76561199015384597
76561199152711458
76561198058454350
76561198837142090
76561197989359369
76561199102504850
76561199194335431
76561198321357091
76561198414041939
76561199049646970
76561198309178418
76561198845313802
76561198839626485
76561198238241444
76561198999009001
76561199168526452
76561198332756267
76561198137975370
76561199127599167
76561199076956548
76561199187350101
76561199049348325
76561199049356769
76561198802387695
76561198285350800
76561198420230992
76561198386990085
76561199034144733
76561198972964076
76561199050783603
76561199161327030
76561199050455937
76561199155970728
76561199129662512
76561199015662068
76561199003147816
76561199021322786
76561198424874472
76561198929939707
76561198315710640
76561198396754587
76561198977133086
76561198869181560
76561199162403526
76561199198042260
76561199196191326
76561199032361519
76561198796183211
76561199037779739
76561199180605002
76561199051479967
76561199193603733
76561199193673301
76561199193985539
76561198187153463
76561199055088738
76561198878938734
76561199097755636
76561199020590930
76561198358470996
76561198308405175
76561198979233386
76561198991281971
76561198199352573
76561198083224145
76561199197493923
76561199040652018
76561199198732041
76561199199427421
76561199085512451
76561198819870099
76561199114683780
76561199074598837
76561199059897777
76561198446300074
76561199188640561
76561199081274950
76561198398752277
76561199051278845
76561199109102143
76561199195476410
76561199074683798
76561198287169709
76561198962845057
76561199019540561
76561199193229730
76561199053038562
76561198312963867
76561198153801883
76561198980312236
76561199167727765
76561199169444839
76561199169823581
76561199195043609
76561199111724104
76561198818041563
76561199184031150
76561198236826848
76561199185313834
76561199114144007
76561199185978458
76561198364534262
76561198344901792
76561198078470432
76561199185725918
76561198844906726
76561198379386560
76561199055153456
76561199142416423
76561199051574812
76561199203006409
76561198192212143
76561199163577876
76561199189902380
76561199193456066
76561199201166389
76561199072401458
76561198834240331
76561199050742230
76561199089749847
76561198284273119
76561198255591824
76561199105898259
76561199097266436
76561198210574445
76561198077903638
76561199104498543
76561199185014379
76561199096984308
76561199187037317
76561199145772127
76561199075061637
76561199187527753
76561199082049760
76561198313639689
76561198420913443
76561198879560906
76561199174633723
76561199010915038
76561199146186651
76561199123251385
76561198919818732
76561199110517782
76561199188370219
76561198400257608
76561199058010373
76561198883803332
76561198831333160
76561199061024259
76561199191253165
76561198966655528
76561199015704344
76561199191775489
76561198980438525
76561198969288924
76561198206076327
76561198830730597
76561198998581711
76561199031773600
76561198206945184
76561198436459952
76561199101208723
76561199000457544
76561199091400387
76561198294624052
76561198267590595
76561199195292037
76561198837654651
76561198416401023
76561198380421269
76561199064800248
76561198365693598
76561198263202874
76561199013745389
76561198975998655
76561198354902320
76561198314277734
76561197972252216
76561198262805891
76561198902178088
76561199035739632
76561199126274678
76561199165225611
76561198977172584
76561197995246026
76561198325972202
76561198854286988
76561198952614067
76561198991147583
76561199188515652
76561199164763617
76561199108645254
76561199082529183
76561199103807779
76561198797875847
76561198314339573
76561199136480787
76561199180271078
76561198128378140
76561198878904503
76561199179658153
76561199143868466
76561199195224965
76561199152674859
76561198983480894
76561199121213752
76561198862815186
76561198965422833
76561199114423269
76561199200415537
76561198413277593
76561199074355193
76561198935146703
76561199132606886
76561199189254877
76561198982771682
76561198969414480
76561199056881958
76561198361696362
76561199192181650
76561199117914805
76561199044269178
76561198101492087
76561198170675273
76561199133763665
76561199079316241
76561199117518234
76561198816522257
76561197997276578
76561199121490072
76561199190926533
76561198998300736
76561199073311747
76561199178535858
76561198845322455
76561198445473552
76561199150114769
76561198970229748
76561198344410381
76561198122262579
76561198800765488
76561198892936362
76561198890171133
76561198986204210
76561198801116324
76561198157404986
76561199123483248
76561198999710874
76561198420395034
76561198086740555
76561198859711847
76561199027738048
76561198364611461
76561199133363630
76561199186391480
76561198369855235
76561199111706059
76561199106074033
76561198275731873
76561198797354164
76561198276665951
76561198848874365
76561199089307468
76561199118638261
76561199190111994
76561198070885099
76561198445245430
76561198857539574
76561198151052983
76561199181999003
76561199182412367
76561198240529418
76561198818415843
76561198015326120
76561198871547684
76561197996221792
76561199164773745
76561198937008517
76561198248699026
76561199175853776
76561199187244103
76561198984031186
76561198027423931
76561198244429306
76561199034180680
76561199171615344
76561198341040539
76561198831259336
76561198199103130
76561199191440671
76561198837362387
76561198047940770
76561199096082109
76561198853178440
76561198163800503
76561198940451016
76561198885381075
76561198304954976
76561199118513799
76561198971612742
76561199121753143
76561199176176700
76561199126063565
76561198161749227
76561198264046283
76561198881866061
76561198195327899
76561199119252248
76561197962393866
76561199001297246
76561198362408169
76561199020996940
76561199002139032
76561198236309484
76561198202494449
76561199107074418
76561199196734363
76561199184622932
76561198093746767
76561199183766186
76561199172481641
76561198189153149
76561199184851096
76561198886865472
76561198806548204
76561199184901426
76561199185761522
76561199185112676
76561198151910210
76561198886659900
76561198811495720
76561198356707333
76561198868255707
76561199146397802
76561198885335426
76561198389144901
76561198207809776
76561198257185186
76561199138009028
76561199116723585
76561198966752357
76561198804630868
76561198011031033
76561199140540351
76561199189214942
76561199190915186
76561199191026722
76561199077488674
76561198253914200
76561198013306294
76561199056495720
76561199122699059
76561198361223054
76561199086189099
76561198121848939
76561199062417215
76561198920369711
76561198241235078
76561199203508583
76561199184549119
76561198015978145
76561199186490949
76561199185944739
76561199120132630
76561198442068286
76561199186721379
76561198442649376
76561198799250712
76561198815917411
76561198181483366
76561199063184773
76561199091675677
76561199136940865
76561198384773071
76561199188331827
76561199174223178
76561199188093749
76561198060668929
76561199121283700
76561199189834723
76561199093389745
76561199189579453
76561198330874173
76561199190571893
76561199202447889
76561199092065649
76561198989598651
76561199031973815
76561198284017126
76561198406014236
76561198152057687
76561198075257466
76561198998628065
76561198098619566
76561198122136939
76561199176232933
76561199185487694
76561199000015454
76561198273529920
76561198835796516
76561198983339812
76561199169428127
76561198963351387
76561199129296521
76561197978686904
76561199166946603
76561198812104557
76561199129984563
76561198084967965
76561199100808907
76561199155682800
76561199178320877
76561199035603197
76561198972834154
76561198396892641
76561199194725534
76561199134457443
76561198106846870
76561198183807651
76561199037035515
76561198110445147
76561199193389119
76561199133025540
76561198356240719
76561199189115533
76561199182617874
76561199083749925
76561198356756651
76561199013524472
76561198202877051
76561198843766927
76561199201215414
76561199185709190
76561199013986916
76561199121737090
76561199118263082
76561199173163728
76561198168865947
76561198993876113
76561198880491967
76561198434569224
76561198992425150
76561199179139795
76561199056717211
76561198976127443
76561199123107125
76561199094220287
76561198339196287
76561198412922637
76561199177781930
76561198404666781
76561198097813338
76561199191980096
76561198407292667
76561198995564161
76561199143121197
76561199038874873
76561199182442945
76561198128119435
76561199183218569
76561199183190409
76561199044285561
76561199182676701
76561198228832388
76561198867769112
76561199184735169
76561199176090328
76561198259437124
76561198134938309
76561198832158017
76561199177252594
76561198451939442
76561198434669519
76561199000597991
76561197964533522
76561199181101824
76561199023072113
76561198419513131
76561199078245018
76561199195702150
76561198445789045
76561198863824756
76561198280086161
76561198347749804
76561199186209919
76561199152937080
76561198215451489
76561199126860153
76561198880956103
76561199152862303
76561198450485879
76561198857024362
76561199124895298
76561199061580650
76561199099800987
76561199198277988
76561198019704181
76561198088543680
76561198847980189
76561199149526248
76561198124607323
76561199192484311
76561198826881680
76561199048961738
76561198266081637
76561199012728085
76561199055085687
76561199174170281
76561197973750831
76561199033409650
76561198864179473
76561199087635055
76561199072935990
76561199156017257
76561199128852635
76561198316505515
76561199073641108
76561199003045305
76561199156115146
76561199034437238
76561199085388029
76561198876907734
76561198192024631
76561198813353539
76561199164983675
76561199106612178
76561199115746037
76561199191860966
76561198306703730
76561198116859561
76561199168116223
76561198118403268
76561199053927691
76561198859497648
76561198974955299
76561199182025396
76561199169476505
76561198865152878
76561199188482344
76561199174506803
76561198273115119
76561198879159885
76561199128720785
76561198855423170
76561199185984786
76561199068386772
76561198867089557
76561199026460238
76561198293841017
76561199184610948
76561199184890674
76561198796039272
76561198163053316
76561198996695587
76561198803283791
76561198945249622
76561199072194405
76561199072989016
76561198976254845
76561198318467623
76561199177509559
76561198824738535
76561198373109832
76561197999034972
76561198122989435
76561199014771259
76561198877501745
76561198874784511
76561198954881871
76561198795845716
76561199147971868
76561199002746256
76561198956589041
76561199156787685
76561198974782441
76561199027958890
76561198811099785
76561199156896438
76561198314756393
76561198976050169
76561199118908262
76561198883578600
76561198809336218
76561199112284076
76561199010115733
76561199107895884
76561199192847065
76561199181493094
76561199194530717
76561199071568015
76561198995496984
76561198053259116
76561199006543582
76561199182035628
76561198118083627
76561199069089218
76561199190442871
76561199195081361
76561198251332956
76561198285540844
76561199182751116
76561198995349851
76561199023752883
76561198308826739
76561199094370557
76561198289716751
76561199066585755
76561197967858925
76561199186278104
76561198206453997
76561199041003877
76561198992836789
76561199174006543
76561199186632176
76561198272488776
76561199149593929
76561199166147157
76561199060484018
76561198853124518
76561198832096454
76561199194935960
76561197976583497
76561199127821795
76561199085371204
76561198446005552
76561199049822864
76561199020947292
76561198152115512
76561198118349976
76561199179073103
76561198050241734
76561198151181757
76561199194932583
76561199107715939
76561198146732514
76561198875089661
76561199159884046
76561198144029378
76561199024301236
76561198213919317
76561199037085875
76561198869267449
76561199102031877
76561199192624895
76561199193954879
76561199108761186
76561199181697972
76561199016752761
76561199147384047
76561198056883138
76561199181775962
76561199194573265
76561199177371405
76561199194343567
76561198380851947
76561198453002816
76561199183091082
76561199130171087
76561198094750193
76561198104079056
76561198167890855
76561199074410897
76561199014595868
76561198059131498
76561198405485163
76561198355657070
76561198405182771
76561198303749209
76561199002736853
76561199171641614
76561198856690962
76561199088897413
76561199016101391
76561199173321290
76561199100942987
76561198985180259
76561199069385118
76561198064457431
76561199168965159
76561199087531332
76561198148561051
76561199162782717
76561198929585054
76561199003570435
76561198200703293
76561198370567290
76561199093800025
76561198989552760
76561198957816226
76561198437698993
76561198172167683
76561198806709635
76561199187283334
76561199194773275
76561198850109081
76561198818039755
76561198866215064
76561199134501527
76561198035652925
76561198081286303
76561199185855248
76561198412292968
76561199138771782
76561199035564465
76561198964955910
76561198134707200
76561198420608947
76561198316905806
76561199112065403
76561198370308855
76561199024419147
76561198830331153
76561198342137138
76561198397913648
76561198963297612
76561199050979381
76561198815277737
76561198852330976
76561199135440050
76561199182831239
76561198993184308
76561199156672140
76561198210086420
76561198882600098
76561199187055689
76561199086684060
76561199187779805
76561198116123908
76561199189031321
76561199097635520
76561198278562481
76561198277995272
76561199190575489
76561198077767298
76561199138365044
76561199140511889
76561198910140810
76561198259521994
76561199169149663
76561199060536374
76561199015220400
76561199180454135
76561198840066897
76561199180109227
76561199171432564
76561198864038848
76561198192718047
76561199193743634
76561199181938633
76561199185025283
76561199144715107
76561199185366187
76561199044209798
76561199074345375
76561199121926637
76561199188357893
76561199013197337
76561199138025476
76561198275197985
76561197978744326
76561199191463467
76561198862279361
76561199179902210
76561198833918218
76561199180593008
76561199148856204
76561199011019448
76561199070870152
76561198086039621
76561198091826196
76561199024009631
76561198121386832
76561199180870583
76561198331705435
76561199167956778
76561199159430279
76561199018046546
76561198882727879
76561198914084363
76561198874601038
76561199030674433
76561198839343577
76561199128887105
76561198359517181
76561198862662253
76561199094381949
76561199063784776
76561198122379360
76561199158416451
76561198859529422
76561199159710413
76561198038978818
76561199187066791
76561199163439611
76561199196784075
76561199160516658
76561199184061098
76561199183701670
76561199183947014
76561199184610272
76561198438542211
76561198831037010
76561198198605007
76561199113034348
76561199185437388
76561199087164146
76561198795696778
76561198148534130
76561199187098546
76561199177268173
76561198903066233
76561199176957925
76561199117712675
76561199179812227
76561198307666342
76561199178947381
76561198395923542
76561198378500916
76561198171838697
76561199181783259
76561198882377125
76561198246049132
76561198982760512
76561199141293384
76561199190717496
76561199186182519
76561198835332610
76561199186343807
76561199058576190
76561199198625293
76561198979593042
76561199102362984
76561198374266282
76561198882916961
76561198083826928
76561198258152704
76561199176904040
76561199177144908
76561198176116107
76561198163422763
76561198070835234
76561199059744158
76561199190371972
76561198997494104
76561198289298194
76561198146093323
76561198150236993
76561198998139694
76561199192122253
76561198850968430
76561198299489815
76561199018521838
76561198855341537
76561198385715165
76561198325632091
76561198377298323
76561199191740064
76561199049810102
76561198874670572
76561199000635972
76561199020085976
76561199136299947
76561199086043364
76561198937041279
76561199032108034
76561198875288641
76561198388535255
76561199129582691
76561198974322829
76561199098757772
76561198372077858
76561199154303136
76561199156196494
76561198152586579
76561199155169632
76561199053220341
76561199158593021
76561198968024924
76561199013071154
76561198323740001
76561198840172207
76561198427695812
76561199094902814
76561199074559522
76561198814428803
76561199064903456
76561198785223181
76561199146496618
76561199074487235
76561199037516995
76561199194525472
76561199168491447
76561198132085673
76561199105997734
76561199163339870
76561198000501408
76561198307810291
76561198796574815
76561199195770779
76561199196355881
76561198153293059
76561198878794622
76561199183806392
76561198417149062
76561198407564224
76561197960883927
76561198403755148
76561198271962710
76561199069942998
76561199019911831
76561198979946389
76561199172905361
76561199166080700
76561198273366526
76561199192524767
76561199117902815
76561199089975901
76561198879004637
76561199142235605
76561199019460083
76561198969634468
76561198413931734
76561199124057761
76561199124036145
76561198351347196
76561198111176808
76561198417229988
76561199142321844
76561198992352751
76561198123961990
76561199014540963
76561198300159077
76561198097286163
76561199077225184
76561198874691752
76561199080633556
76561199153283057
76561199185261164
76561198967948728
76561198874856938
76561198989823706
76561198887807733
76561199128254133
76561199085162816
76561198837039797
76561198840076152
76561199013910448
76561199187207341
76561199116208184
76561197996044312
76561198838250629
76561199197973712
76561198319804532
76561198013326889
76561198374548926
76561198397304492
76561198795907255
76561199020357889
76561198865162576
76561198865752213
76561199006821790
76561198400828950
76561199197432725
76561199193178687
76561197972771213
76561199171418159
76561198204100340
76561199185029478
76561198928982878
76561198035488581
76561198374382608
76561199040904970
76561199124724794
76561198115728259
76561198352293965
76561199096578941
76561199117019255
76561199023222790
76561199107743764
76561199182345775
76561198128110922
76561198896447707
76561198243646490
76561198451238660
76561199166952665
76561198982366671
76561199037718844
76561198815673903
76561199181667718
76561199153066169
76561198066329143
76561198162989864
76561199113001673
76561198888558245
76561199050665819
76561198983729207
76561199076879041
76561199185167222
76561199184803006
76561198370232015
76561198189427289
76561199112535470
76561199167216724
76561198387998749
76561199136049842
76561199165713093
76561198209545895
76561199177320739
76561198173861686
76561198192138922
76561198825189457
76561199041851744
76561199178571169
76561199179420009
76561198874553928
76561199141106155
76561198282274617
76561199010532424
76561199107863468
76561199182175909
76561198371234351
76561198192469021
76561199182190701
76561199105386372
76561199058348499
76561198050383016
76561199074488362
76561199068018953
76561198339542100
76561198175378478
76561199101965894
76561199184373479
76561199186166557
76561198871991130
76561199173509397
76561198803342945
76561199053767263
76561198290500271
76561199122237411
76561199167482740
76561198164201740
76561198116134340
76561198993214807
76561199111669420
76561199071073088
76561198874866086
76561199029125649
76561198363345593
76561198841090555
76561199177026829
76561199121346343
76561199178493525
76561198292826785
76561199160439612
76561199178422229
76561198989144314
76561199079499522
76561199179233575
76561198991593804
76561199118489123
76561199182679579
76561199169168436
76561198961492332
76561199179216493
76561198405301419
76561198369108663
76561199188616341
76561199081362021
76561198867520427
76561198039152339
76561199181383585
76561199037059868
76561199119867869
76561198333651105
76561199095848796
76561198407174411
76561198201367745
76561198929784309
76561198366958326
76561199144004493
76561199183278763
76561199044269261
76561199096529666
76561199186571371
76561199185755441
76561199166117880
76561198804552382
76561199135210245
76561198141527636
76561198035990539
76561198845473039
76561198417841592
76561199148900265
76561199179198712
76561199168498325
76561199073162661
76561198129859090
76561198415016056
76561198821046961
76561198350841358
76561199005014280
76561199149379803
76561199153265561
76561199095556796
76561199113349853
76561198869005768
76561199056806405
76561198394204958
76561199178484843
76561199075925065
76561198119997791
76561199088753585
76561199180815881
76561198824070013
76561199080155824
76561198945353175
76561199005077164
76561199074425159
76561199089332631
76561198125800394
76561199174194866
76561198155219990
76561199183097911
76561198165695506
76561199143755635
76561199118839251
76561198334292976
76561199090260689
76561199174363746
76561199090078129
76561198995329589
76561199003324507
76561199014006058
76561198043296222
76561198233992688
76561199182143595
76561199035947841
76561199074266001
76561199177233236
76561198378983203
76561199081910394
76561199140819075
76561198997204670
76561199086652828
76561199147494515
76561199046705640
76561199001089111
76561198386103256
76561199123039534
76561198390286400
76561199177114505
76561198840444276
76561198445092629
76561199084953578
76561199149115692
76561199057768805
76561198844711148
76561198887742590
76561198256840857
76561198825782784
76561198969746083
76561199026090072
76561197986568558
76561199016264315
76561198007061251
76561198887679188
76561199109234305
76561198432385404
76561198365398921
76561198888496265
76561198141811527
76561199059769523
76561198810342941
76561199071997790
76561198821997546
76561198813008593
76561199113666897
76561198125437715
76561198971798939
76561198284328049
76561198283419943
76561199051644242
76561198304819975
76561199192128436
76561199163667423
76561199070095377
76561198159761012
76561198807783828
76561198255339902
76561199190670628
76561198262909282
76561199161831846
76561199015853999
76561198113250375
76561198071082070
76561199186725510
76561198080660458
76561199025909637
76561198202037099
76561199196129701
76561199027210966
76561199196603365
76561199199084396
76561198879296702
76561198339531632
76561199196766333
76561199054152300
76561199000868820
76561199092442136
76561199054194576
76561199184216240
76561199168897914
76561198865494964
76561199183831094
76561199179207078
76561199026023693
76561199182557599
76561198047100657
76561199182881155
76561199182648121
76561199182368891
76561199182682971
76561199182638801
76561199184467441
76561199184421619
76561198868960234
76561199012717737
76561199180164202
76561198921327831
76561199145949823
76561199187356573
76561199188228187
76561199089451756
76561198883399928
76561199059559592
76561198310389227
76561198883904060
76561198821029162
76561199020583121
76561198272864651
76561199123026321
76561199075385432
76561199147542201
76561199082241113
76561199166367784
76561199048364753
76561199148557482
76561199169800343
76561198141884289
76561199057279948
76561199062493278
76561199096963673
76561197980265691
76561199063504415
76561199064334039
76561198888572173
76561198421265396
76561199086550834
76561199155634573
76561198306152750
76561198124634252
76561199050708769
76561198042464072
76561198086203090
76561199076213318
76561199193514333
76561198978692425
76561198070123932
76561199034634467
76561199106525267
76561198986893071
76561198240535396
76561198855715606
76561199164474741
76561199182796894
76561199182796926
76561199183311714
76561199184475598
76561198165293319
76561199077319752
76561199143295756
76561198381624864
76561199172667583
76561198305202132
76561198303385351
76561197968889511
76561199086661397
76561199139334013
76561199188963522
76561199187744748
76561199177493353
76561199137851292
76561199117790617
76561199010507273
76561198311192743
76561198814137104
76561198390575907
76561199092093434
76561198353095221
76561198376851883
76561199107908563
76561199183117143
76561198099125319
76561198851880027
76561199182642789
76561199152138729
76561199068929090
76561198149414564
76561199182888399
76561198849728305
76561199183865491
76561198208725347
76561198309655702
76561198983414740
76561198369733074
76561199184247979
76561198423989917
76561199198560186
76561198428199701
76561199177426326
76561198360302821
76561199188168491
76561198340887755
76561198278566918
76561198145829123
76561198845980964
76561199191085165
76561199029255848
76561198830562775
76561199191478751
76561199194063213
76561199144764650
76561199093821315
76561198076506412
76561198128978748
76561198970078303
76561199193839111
76561199193561529
76561199067025289
76561199104830961
76561199194356061
76561198339813466
76561199072003911
76561199069532220
76561198289696029
76561198851831924
76561199114467861
76561198356242645
76561198407381080
76561198051571282
76561199174277235
76561199151926117
76561198300302087
76561198259080575
76561198353957086
76561198060869453
76561199006055245
76561199023534377
76561198797043012
76561199141963378
76561199112993133
76561199141662037
76561198273262403
76561199180406931
76561199024930563
76561199043416615
76561198170042798
76561199142109007
76561198030767355
76561199142952375
76561199118110416
76561198398686298
76561199193848202
76561199098820373
76561199078239939
76561199119309865
76561199114382720
76561199175766420
76561199186003579
76561199176474790
76561199159046981
76561199143990130
76561198376732892
76561199184915593
76561199065532936
76561199177479390
76561199001199967
76561199188883301
76561198112407575
76561199075040369
76561198197169195
76561199096015777
76561199189560019
76561198822474490
76561199183806064
76561199161968077
76561199086774952
76561198410524996
76561199107352086
76561199150132529
76561198274919925
76561199072003368
76561198350566650
76561199086380487
76561198317907273
76561198142115831
76561198353343536
76561199169469266
76561198850632524
76561199177841989
76561199056947402
76561199191016686
76561198119786547
76561198316306678
76561199124253882
76561198271133410
76561198135494655
76561198399491568
76561199058717186
76561198048703440
76561198391913432
76561199044183201
76561199183697983
76561199183340487
76561199174289794
76561198253036959
76561198313789377
76561199184871317
76561199184916737
76561199185342785
76561198119047682
76561198294340608
76561199185943189
76561198233117468
76561198997008398
76561199177326328
76561198184209707
76561199177078242
76561198781712643
76561198314896327
76561198102011891
76561199186576037
76561199178552522
76561198171349538
76561198273130604
76561199189910287
76561198847007225
76561199189661101
76561199191132867
76561199102579680
76561199179858562
76561199177491367
76561198317356677
76561199192510055
76561199195015469
76561199107628530
76561198415488676
76561199182898542
76561198155335691
76561199183128300
76561199164926926
76561199183601884
76561198129775104
76561198165207530
76561199093896361
76561199196282458
76561198979973298
76561199185318556
76561199008743856
76561199175397139
76561198981260578
76561198414910852
76561198236379204
76561199089193207
76561198345596990
76561198865687154
76561199024765549
76561198940731241
76561198234599580
76561199119063515
76561198968377753
76561199011029493
76561198377679731
76561199145394588
76561198999170487
76561199183533267
76561199026801039
76561199141985384
76561199182714934
76561199074926420
76561199190530996
76561199184355139
76561198923948129
76561198982258539
76561199184126884
76561198410053981
76561199175981878
76561199043586328
76561199157799883
76561198852808709
76561199002759982
76561199172255602
76561199189425293
76561199190646471
76561198989178373
76561199139169485
76561198989389063
76561199190756863
76561199048407431
76561199190075961
76561198322382149
76561199190449085
76561199191364177
76561199191414259
76561198972940636
76561199178200073
76561198837547882
76561198133721495
76561199187252129
76561198360177691
76561199028607303
76561199092005361
76561198378076338
76561199176878732
76561199081137311
76561199122256711
76561199007049344
76561199013352815
76561199179847078
76561198795666993
76561198884138475
76561198845543132
76561198124072953
76561199094751103
76561198339857513
76561199032789125
76561198450378892
76561199145915073
76561199123615930
76561199158146601
76561198378724406
76561199014670077
76561199114818363
76561198959882311
76561199126955052
76561199086216222
76561198441203745
76561198885340484
76561198973553462
76561198036130822
76561199063199257
76561198934832092
76561199105092540
76561199034636116
76561199105636372
76561198976287559
76561198812062575
76561198866063960
76561199022552513
76561199132369991
76561199077134780
76561198369740495
76561198252625864
76561199186148197
76561198877543927
76561199018824329
76561198185992435
76561198808365470
76561199019441573
76561199000800673
76561199056844753
76561198330282504
76561199180917676
76561198929550587
76561199123538323
76561198825974876
76561199193511327
76561198339824301
76561199058226321
76561199101549824
76561199099762974
76561198809740327
76561198886696159
76561198449805275
76561199033925212
76561198449816353
76561198421138574
76561199083821534
76561199153771407
76561198154546166
76561198798261867
76561198837137700
76561199086043075
76561198972933590
76561198316639185
76561199155349749
76561198182297599
76561199064012000
76561199185987730
76561198050148822
76561198347772765
76561198843379888
76561199026476251
76561198957952115
76561199017073279
76561198238938224
76561198841025777
76561198358977409
76561199033796000
76561198315239462
76561198169396737
76561198449061532
76561199035725994
76561198189799342
76561198981278301
76561198068581248
76561199008648991
76561199109262666
76561198385173211
76561198842349447
76561198401315494
76561199196501705
76561198864473642
76561199119908482
76561199135162641
76561199181880841
76561199195799943
76561198165290457
76561199013443534
76561199196108257
76561199171115439
76561199112039217
76561199196237591
76561199196230889
76561198971005569
76561198295804860
76561199083982182
76561199152675703
76561199031011083
76561199015000965
76561198860037940
76561199174314030
76561198960415113
76561198225292160
76561198419663214
76561198086926738
76561199079220223
76561198430748037
76561199184369113
76561198320495589
76561198798781887
76561198559158446
76561199020619388
76561199045179821
76561199020877415
76561199138701437
76561198875272602
76561199087519462
76561198416645733
76561198194672166
76561199064925626
76561198218057335
76561199195677965
76561199163603538
76561199027735406
76561198094861410
76561198256551450
76561198877230373
76561198160384571
76561199074647632
76561198327383604
76561199125992425
76561199005922272
76561198330371934
76561198874462862
76561199192821005
76561199142166752
76561198148355328
76561198847120649
76561199182126686
76561199181792940
76561198334551762
76561198865305397
76561199182224406
76561199182204750
76561199182593510
76561199085035388
76561199006786822
76561199169616053
76561199094154198
76561198199624358
76561199167400982
76561199114118537
76561199184201434
76561199060141480
76561199192073443
76561199191705205
76561198879593226
76561198272277141
76561198181535302
76561199112045561
76561199098253386
76561198274367513
76561199061371809
76561199029263720
76561199094764267
76561198070457723
76561198873254624
76561198000603174
76561198971180516
76561197963011349
76561197973045246
76561198180484357
76561198038832372
76561198237400410
76561198408707529
76561197964082665
76561198126931359
76561198387444001
76561198441921005
76561198438569886
76561198987715780
76561198410031078
76561199142262335
76561199154787522
76561198260728747
76561199106421547
76561198323346806
76561199160282256
76561199104508927
76561198409327377
76561198959998121
76561199051522534
76561199117050877
76561199153215080
76561199163909609
76561198051924879
76561198990016700
76561198323829484
76561198847309350
76561199142804231
76561199074598848
76561199053976935
76561199180784310
76561198955570398
76561199172396867
76561198309765387
76561199195258797
76561199195300487
76561198956735470
76561199182730922
76561199083474489
76561199189120465
76561199184266884
76561199186884022
76561199161031266
76561198315868279
76561198415028822
76561199173488822
76561199043465104
76561199087041611
76561199160737728
76561199169938946
76561198097035785
76561199171159916
76561198994216320
76561198169081826
76561198356650698
76561198997141723
76561199118924719
76561199180087087
76561198360670688
76561198145607594
76561198870284273
76561198294533667
76561199123131153
76561198369585203
76561199032998438
76561199161615201
76561198963050084
76561199137186443
76561198440401310
76561199044548301
76561199184196589
76561199074677542
76561198350514920
76561199185407147
76561199027441539
76561199185313385
76561199185515307
76561199181919721
76561198119603571
76561199091546169
76561197982034685
76561198083748102
76561198233268764
76561199095700049
76561199005551815
76561198336623990
76561198376095038
76561199167939885
76561199075183030
76561198043292395
76561199083792176
76561199190691659
76561199049191849
76561199119948733
76561199103908360
76561199177577288
76561199146944798
76561198803135305
76561198369945701
76561199134250784
76561198410110527
76561198897958354
76561199085215979
76561199069017792
76561198400115691
76561198400357961
76561199069198024
76561199039301557
76561199196920691
76561199093361599
76561199170972701
76561198423391205
76561198019748965
76561199197503007
76561199197558021
76561198880354297
76561199117712508
76561198042410315
76561198879909355
76561197963214464
76561198965933833
76561199138700435
76561199186670338
76561199160158932
76561198128428158
76561198352871828
76561197999278462
76561198828036034
76561198072186970
76561199009427702
76561198836767579
76561199009639092
76561198171641771
76561198310952710
76561199072246520
76561198800069078
76561199180238899
76561199147496949
76561199129536631
76561199114892474
76561199081037212
76561199120282173
76561199184808937
76561198251653040
76561198881647441
76561199185181059
76561198826431199
76561199184068443
76561199186592233
76561198216044660
76561199175702536
76561198815446365
76561199185629971
76561199074404425
76561199144746833
76561198918895182
76561199045497093
76561198259837983
76561199122266785
76561199081457089
76561199178993770
76561199185494100
76561199013719224
76561199169687211
76561197963649205
76561199173250613
76561198880201446
76561198272244090
76561198984311392
76561199188215968
76561198134090683
76561199114975596
76561199150720710
76561199087466879
76561198295147620
76561199173848526
76561198204655641
76561199180769441
76561198119230377
76561199182215342
76561199033732990
76561198452108382
76561198995349761
76561198269291024
76561199184151367
76561198142582954
76561199194583495
76561198969477537
76561199182470133
76561199182476058
76561199175875768
76561199126766493
76561199187081289
76561199182070522
76561199160829426
76561198985424163
76561199176447386
76561198988497065
76561199080841166
76561199013933130
76561198298947777
76561199193766405
76561199187048686
76561198868826636
76561199094103447
76561199095169811
76561199102890811
76561198260485937
76561199101739149
76561198287878974
76561199119854524
76561199185665145
76561199100208736
76561198391351160
76561199032198587
76561198300348634
76561199049666146
76561199104756565
76561199033159894
76561198348788465
76561199070555836
76561199159526685
76561199189453941
76561199015763600
76561198802846440
76561198141698156
76561199183659440
76561199180944020
76561199062894838
76561199048036545
76561199166194457
76561198803420673
76561199094242405
76561199095715969
76561199045220889
76561199030150456
76561199182455151
76561199151534415
76561198093456344
76561199125551403
76561197986999505
76561198940836775
76561198143391282
76561199102080889
76561198439937945
76561198449639711
76561198875012564
76561199177241144
76561199102887792
76561199104450113
76561199075417440
76561198066341144
76561198212099367
76561198097833200
76561198152433739
76561199149107163
76561198315795757
76561198876630269
76561198340098144
76561199106973110
76561199074676590
76561198149636585
76561198196612018
76561199109312501
76561199132808146
76561198808475640
76561199167647649
76561198330168182
76561199005907079
76561199058231471
76561199038911739
76561199182411356
76561199110403958
76561198434805452
76561199039465842
76561199184351576
76561199039726878
76561198002686979
76561198190547946
76561199185028880
76561199184849426
76561199183110978
76561198812629156
76561199189675481
76561199070262861
76561199113269343
76561199134691573
