76561199185005608
76561198426023530
76561199186054850
76561198820669437
76561199186456560
76561199026911652
76561199200955911
76561198811992667
76561199187132626
76561199136431132
76561199168364704
76561198992229881
76561198031400190
76561199086942695
76561198841402813
76561199190924382
76561198440024568
76561198361474618
76561198928907499
76561199086310126
76561198152022360
76561198159707425
76561198994123380
76561199186284309
76561198341607230
76561199198303811
76561199185197586
76561198848941408
76561199186278100
76561199185860428
76561199041118186
76561198033796504
76561199133591957
76561199187290518
76561198264684198
76561198993507353
76561199188562426
76561198993796770
76561199093547642
76561198864441244
76561198116894041
76561199010056613
76561198955999490
76561198967480297
76561198121749784
76561198204709829
76561198968547147
76561199010849261
76561198994787550
76561198800040883
76561199049228068
76561198831542578
76561198110279008
76561199057850307
76561198381769545
76561199181164106
76561198844589712
76561198881275647
76561198834444667
76561198834402828
76561198969254745
76561199184191637
76561199053399294
76561199185194957
76561199074739837
76561199187521399
76561199102157036
76561199042511259
76561198801504175
76561199188928099
76561199092388907
76561198993519440
76561198886416767
76561199178285758
76561199179452754
76561198872201431
76561198329693199
76561199179414880
76561198848812974
76561198884088669
76561199173400132
76561199191658209
76561199071840618
76561199202343991
76561198339470264
76561198339455982
76561197963380128
76561198089298005
76561199058475451
76561198993819661
76561198082141301
76561199121603384
76561198138874044
76561199108426904
76561199190306126
76561198979668120
76561198803670622
76561199111397094
76561198977474761
76561198119608202
76561199190749671
76561198028250618
76561199176229076
76561198044346317
76561198144791475
76561198837161880
76561197990418897
76561198976537508
76561198376977382
76561198452560139
76561198301322213
76561198215874133
76561199148982741
76561198989036628
76561199146269828
76561198052634858
76561198061381737
76561198822304217
76561199178943408
76561198990454685
76561198074627798
76561199067427228
76561199202373080
76561199075873059
76561198264911726
76561199191817715
76561199108917370
76561198884153110
76561199174580633
76561198394468732
76561199076120182
76561198999350678
76561198999206668
76561199029918439
76561198810628077
76561198437075185
76561198447235569
76561199090539801
76561199203912068
76561198971396313
76561198123847210
76561198804055094
76561198035191342
76561198976613632
76561198353890493
76561199145139792
76561198386936264
76561199179191832
76561199191529699
76561199013479209
76561198868570313
76561199046920637
76561198994508238
76561198284987532
76561199038803786
76561199063167663
76561198318469175
76561199056139251
76561199061438674
76561198125006205
76561198968327110
76561198972692573
76561199064644575
76561198009365101
76561199099359585
76561198809678145
76561199051404671
76561199017218201
76561198200230026
76561199157242888
76561198894483051
76561198894473283
76561198205535427
76561198966838302
76561199163528315
76561199074604895
76561199165109205
76561198370506350
76561198977550984
76561199024861939
76561198060945690
76561198948946963
76561199169716367
76561199082033751
76561198335750708
76561199193946571
76561199092623331
76561199025331672
76561198262395661
76561199008609730
76561199198079285
76561199025513766
76561198986708156
76561197997738004
76561198009545365
76561199135690665
76561199199214605
76561198998479663
76561199110161142
76561198070327789
76561198880684625
76561198044094693
76561198345638733
76561199114730296
76561199013105387
76561198979595223
76561198872423756
76561198329268331
76561198884486508
76561198034916521
76561198335032972
76561199013612121
76561199201490868
76561198440981567
76561199082913528
76561198822438830
76561199196277117
76561199148934698
76561198384972457
76561198971169777
76561199065486771
76561199014876619
76561199162537872
76561199013711248
76561198384134521
76561199127450229
76561199000621756
76561198296229522
76561198451400373
76561198451808969
76561198863680542
76561198237433380
76561199085680516
76561199002003266
76561198858689364
76561198047341497
76561198350136705
76561198951160400
76561199002043189
76561198092097499
76561199036521827
76561198994157602
76561198124554610
76561198170383797
76561198808968416
76561198332692856
76561199054061993
76561198805485870
76561199015635620
76561199101789253
76561198864281061
76561198264105379
76561199054161461
76561198007850166
76561199196036829
76561198967265106
76561199096578230
76561199196469776
76561197967828205
76561199166973156
76561199173051729
76561198840928472
76561199195371287
76561198295200960
76561199124191360
76561198341083041
76561198981149617
76561198203055271
76561199071841615
76561198049745543
76561199098350037
76561198276152249
76561199102637934
76561199128271080
76561199107143236
76561198150619013
76561198184033129
76561198748031626
76561199168607887
76561199051578728
76561198821067448
76561199036358847
76561199009643413
76561199053281407
76561199004284318
76561199134304509
76561198276073479
76561198328346878
76561199135468277
76561199054433351
76561199125481636
76561198859817783
76561199195436845
76561199014465180
76561198951025335
76561199182157000
76561199195846135
76561197998027348
76561198250129184
76561198378506668
76561199183743996
76561198928572042
76561199022470732
76561198798519751
76561198253869098
76561199200887889
76561198873494493
76561199163986021
76561199088341442
76561199175531739
76561199186522872
76561198819754923
76561199066380378
76561199056030771
76561198872303377
76561199188271194
76561198812432824
76561198965346973
76561199200715294
76561199188280888
76561199008586359
76561199189336762
76561199009414750
76561199092792904
76561199200658465
76561198414452084
76561198986803171
76561198416194144
76561199114303395
76561198217589231
76561198799282633
76561198277582038
76561199064034201
76561199098771660
76561198131788398
76561198961504812
76561199189782244
76561199170030648
76561199189785694
76561199113787340
76561198378042681
76561198208080545
76561199181144649
76561199043874827
76561199182247715
76561198189715179
76561198981680976
76561198821743894
76561199091062051
76561198800698967
76561199185492337
76561197967039244
76561198150911107
76561199057179216
76561198882544647
76561199176537782
76561198304144061
76561198870019983
76561199145222820
76561199094012830
76561199189498883
76561199113359946
76561199147985155
76561199098440796
76561199059751736
76561199146214966
76561199201573634
76561198058610848
76561199190582463
76561199099608217
76561199113534317
76561198989726639
76561198846129442
76561198872603215
76561199060343538
76561198094986145
76561198114761801
76561199013918885
76561198875500782
76561198344716853
76561199101235425
76561199170028234
76561198834820480
76561199186969204
76561199177453900
76561199187320812
76561199187137194
76561199187631080
76561198981435454
76561198886186049
76561199106778616
76561198356379868
76561199079314200
76561197974940379
76561198332815417
76561199106054348
76561199181476698
76561198263563238
76561199026050533
76561199131003699
76561198974394842
76561198269190996
76561199142354088
76561198882484893
76561199012037079
76561199046745485
76561198916987262
76561198061176256
76561198824870086
76561199012084048
76561199044426080
76561198001330582
76561199070108147
76561198249378320
76561198118855713
76561199182913080
76561198170846015
76561199091827919
76561199135167571
76561198428808838
76561199040525633
76561198818373537
76561198140401064
76561198280112324
76561198242468330
76561198162941677
76561198409580200
76561198329262093
76561199096917165
76561199167893951
76561199192621291
76561198438029542
76561198148384080
76561198310252345
76561198075421923
76561198847301434
76561199145901655
76561199150807534
76561198960274023
76561198849019448
76561198999842026
76561198386454545
76561198210634495
76561198187706737
76561199180796418
76561199195446423
76561198168262690
76561198869216135
76561199038785928
76561199054411259
76561199164509732
76561199125062619
76561199039764380
76561199166740688
76561199198483107
76561199166243638
76561198867512750
76561198297452281
76561199073505879
76561199186045546
76561198083056956
76561199169516362
76561199162957022
76561198353703788
76561199171994986
76561199169485592
76561199188922320
76561199188676630
76561198799297813
76561199189403728
76561198158549039
76561199088853400
76561199007283045
76561198410497889
76561199060629238
76561198319569200
76561199115333085
76561198021250438
76561199179736879
76561199194198908
76561199076447633
76561198039825421
76561198982600446
76561199114764913
76561199191524410
76561198075010813
76561199123902997
76561198915845322
76561198043534488
76561198095378526
76561198869250656
76561199012480849
76561199101892020
76561199116943258
76561198373712472
76561198177729121
76561199181991809
76561199059113542
76561199186777397
76561199177360640
76561199111603444
76561198354258686
76561199165675583
76561199009278770
76561198203921245
76561198283602428
76561199180223193
76561198073053659
76561198854380501
76561198880880746
76561198941790888
76561199173064680
76561198820217877
76561199014829984
76561199051520169
76561198104403974
76561199044185870
76561199074498480
76561199190646962
76561199084717256
76561198409942575
76561198389716712
76561199198424597
76561199059682854
76561199068802549
76561199190325737
76561199189778203
76561198127043761
76561199045782416
76561198390959743
76561198839134549
76561199005897601
76561198929201531
76561199013500451
76561199080569838
76561198382574345
76561198399601426
76561199190542214
76561198203116870
76561199124457121
76561198101207869
76561199196488138
76561198035056383
76561198995030298
76561198999903598
76561199019402568
76561198873808614
76561198150968844
76561199159767594
76561198810393518
76561199101977872
76561199032139358
76561198366190267
76561198303881740
76561198829220770
76561198138298271
76561198368192075
76561198958357805
76561199088072162
76561199087859392
76561198976202259
76561199105829494
76561199161444184
76561199116166376
76561199179211967
76561199178327901
76561199170782688
76561199079796110
76561198149833914
76561199190733154
76561199009927872
76561199010058462
76561199043070073
76561198139628298
76561198037330270
76561198406611887
76561198134071364
76561198170554462
76561199191875540
76561198907043846
76561198132108636
76561199048376986
76561199161096473
76561199138562428
76561198341211460
76561199102793765
76561199074729704
76561199004477228
76561198144574941
76561199146124801
76561199136625841
76561199026623256
76561199143757140
76561198035116850
76561199188016879
76561199176418824
76561199201433815
76561199013089053
76561199200733893
76561199189484577
76561199179303662
76561198829241429
76561198839343522
76561199137760253
76561199015967305
76561198872229498
76561198272569587
76561198298048745
76561198205774900
76561198361384729
76561198071341313
76561198282036334
76561198832093416
76561198833677500
76561198148860951
76561199113189919
76561199030228619
76561198885589089
76561199097514399
76561199100584347
76561198800963538
76561199204759362
76561199030424172
76561199108961036
76561199194285529
76561198955718276
76561198332274040
76561198926172134
76561198398013488
76561198964075849
76561198978949436
76561199181736344
76561199182267728
76561199182126118
76561199195397511
76561199182664716
76561199074480210
76561198214304133
76561198305310206
76561198401822908
76561198881077339
76561199085061651
76561199167651942
76561199185664406
76561199056572672
76561198189354514
76561199008387538
76561199174961123
76561198116719693
76561198407498734
76561199187460494
76561199199616881
76561199189463700
76561198374044939
76561199027048462
76561199189231549
76561199196364587
76561198219697209
76561199088678909
76561199056551702
76561199068953746
76561199013214498
76561198932283850
76561199182117329
76561198358044917
76561198936699080
76561198867962660
76561199074649422
76561199143862530
76561198368903956
76561199099900982
76561198810398038
76561198340336015
76561199175749606
76561198299429786
76561198380791416
76561199186107607
76561198147296602
76561199105078054
76561199079491769
76561199186082235
76561198076493556
76561198273362752
76561198386759487
76561199188011645
76561198974242094
76561198989207562
76561199165537784
76561199035743127
76561198236716822
76561199133211591
76561199087664786
76561199165017489
76561199070394617
76561199105173196
76561199020066803
76561198049749757
76561197968367523
76561199110787208
76561199112869496
76561199137181752
76561199043044251
76561198418485287
76561199184383722
76561198273459029
76561199007302660
76561199091922492
76561198879275594
76561198380038882
76561197979192050
76561198019135412
76561198992396321
76561199186684038
76561199186581500
76561199186248622
76561198351595742
76561199186032618
76561198255809212
76561199176351827
76561198846122367
76561199087231301
76561199144849322
76561199170182406
76561199045300555
76561199088123817
76561199015161122
76561199172743685
76561198913714411
76561198335547400
76561199178792549
76561198930085943
76561198345131991
76561198995011259
76561199087486526
76561199195028814
76561197988584919
76561199182805537
76561198169275913
76561199134433490
76561198268948076
76561198862236484
76561199058942801
76561199012155315
76561198994350347
76561198853740388
76561199006004697
76561199162045505
76561199161088914
76561199179177824
76561199070163909
76561198807600508
76561198047584132
76561199132306606
76561198885247182
76561199074520535
76561198001358006
76561198954172366
76561198247070204
76561199068204100
76561198863888366
76561198864731221
76561199090736946
76561199024648848
76561198136687971
76561199112651451
76561198452576560
76561199134439742
76561199125135394
76561199195556219
76561199103252201
76561199171179931
76561198265217967
76561199039393219
76561199018841091
76561199183929144
76561199183822760
76561199198613339
76561198838856941
76561198979822892
76561198039700385
76561199135484838
76561199136128398
76561198389134077
76561199185408212
76561199199530823
76561199185300664
76561199186059166
76561199187188974
76561199122028926
76561199027334202
76561198322816894
76561199163430390
76561198131126570
76561199022873875
76561199046765116
76561198806381970
76561198869043372
76561198158041041
76561198803089802
76561199189467432
76561199116234496
76561198961092314
76561199083476531
76561198035191342
76561199009066113
76561198380975622
76561199168589111
76561199080011248
76561198410285033
76561198146611184
76561198421224198
76561199102082720
76561198188711561
76561199144305041
76561198037966138
76561198283211962
76561198040093463
76561198368430107
76561198159499780
76561199056192499
76561198087276228
76561198840065849
76561198082304391
76561199065859964
76561198243182860
76561198236243414
76561199087414030
76561199195452234
76561199080460626
76561199192602264
76561198991841540
76561198397851481
76561199166386295
76561199064170601
76561199168513257
76561198969269275
76561199193813255
76561199112002897
76561198185431470
76561198169166885
76561198848428827
76561199110811862
76561199013494246
76561198271909077
76561199080587963
76561199184457334
76561199113293713
76561199073074267
76561199197496195
76561198272368105
76561198933605366
76561199026241032
76561198802021979
76561199098195418
76561198250623796
76561199114379582
76561199014121442
76561199201470103
76561199175078763
76561198960408284
76561199169788188
76561199190472318
76561199189922338
76561199078152869
76561199121010461
76561198995726474
76561198152751582
76561198170427669
76561198977745891
76561199187684869
76561199187701261
76561198981090515
76561199048930785
76561198429217911
76561198356692226
76561199012628366
76561199104574168
76561199178286842
76561198403077544
76561198040428476
76561199192278329
76561198393055237
76561198210800833
76561198087335195
76561199048171586
76561199131685574
76561198370888743
76561198814496378
76561199075459340
76561198121979696
76561198449574015
76561198407047477
76561198837846124
76561198212045823
76561199129402047
76561199054250078
76561199129350650
76561198036377693
76561198284524347
76561199106326632
76561198388082245
76561199120169172
76561198970961979
76561199074498758
76561198977304106
76561198291867147
76561199070901633
76561198891060953
76561199086152890
76561198864584474
76561199111558751
76561198963874525
76561198245382202
76561199016031268
76561198086561505
76561198866399780
76561199182456498
76561199199036267
76561199021572619
76561198338279316
76561199025450042
76561199200094868
76561198352844155
76561199150863259
76561199177458453
76561199102456720
76561199102690706
76561198321773349
76561198443439771
76561198956469071
76561198425865680
76561198853651983
76561199116011477
76561198994633610
76561198082702006
76561198832974626
76561198878377923
76561198092251421
76561199111497969
76561198113993627
76561199163811202
76561198803888512
76561198380028039
76561199192053281
76561198957114564
76561199194390779
76561198866091662
76561198400215776
76561199069126746
76561199183443186
76561199113155423
76561198401184045
76561198868640524
76561198263857568
76561199116343159
76561198401457067
76561198030579937
76561198095129452
76561198060055438
76561198191751781
76561198350165472
76561199192262460
76561199188145028
76561199188254670
76561198426183185
76561198828057107
76561198981528170
76561199188815014
76561198420079777
76561198960623412
76561199116691868
76561199189856038
76561199178723381
76561198896256382
76561198191460841
76561199174814039
76561198267450319
76561198393643030
76561199081760047
76561199116563276
76561199175734512
76561199179431933
76561198821897653
76561199153971662
76561198866289062
76561198302645030
76561199064157819
76561198144181012
76561198355268359
76561199083833142
76561199005920231
76561199056594685
76561199155342917
76561198065525188
76561198855809503
76561198220244920
76561198201857454
76561198252916687
76561198313856202
76561198261948033
76561199129710818
76561198200510315
76561198960676345
76561199089124132
76561199201653753
76561199115507691
76561199004627505
76561198975828504
76561198798937381
76561197964197945
76561199070198576
76561199182139630
76561199069352215
76561199090471152
76561198844121419
76561199197294778
76561198419094066
76561199183524086
76561199182528500
76561199184319512
76561199007271012
76561199048357358
76561199073416469
76561198356600438
76561198407298526
76561199093253360
76561198359174030
76561199175513203
76561199050196479
76561199042221496
76561199042245564
76561198157086764
76561198364825142
76561198356626724
76561199150670268
76561199197535753
76561198138242409
76561198359280690
76561199161599809
76561199057182320
76561199191558460
76561199093485005
76561199043580558
76561199144273228
76561198076845055
76561198395858061
76561198372861010
76561198176216049
76561198145496031
76561199012314276
76561199189437517
76561199198873872
76561199196815710
76561199189224531
76561199190077475
76561198113719057
76561199077698087
76561199059857199
76561199193120689
76561198286735846
76561199123762347
76561198289140726
76561198893626518
76561198122374587
76561198886564284
76561199195937666
76561198447858235
76561198868931892
76561198105763756
76561198275194375
76561198836981232
76561198157593654
76561198315027741
76561198838041832
76561199074722822
76561199074491363
76561198982424241
76561198953165953
76561199102324371
76561198110413538
76561199074709138
76561199158845121
76561198959045125
76561198853767606
76561199167607851
76561198322424717
76561199067552916
76561199163813175
76561199144976026
76561198891033583
76561198111206928
76561199036916180
76561198204169797
76561198864572677
76561198929761567
76561198139056850
76561199035927786
76561199071395433
76561199071732137
76561198139981015
76561199182329846
76561199182219296
76561199189366046
76561198965636908
76561199171052285
76561199030148796
76561198200254982
76561199161071050
76561199088998355
76561198109561608
76561198448420280
76561198277897768
76561198966507262
76561199049821238
76561198136496214
76561199199725584
76561199133578988
76561199075353064
76561199180871430
76561198336359999
76561198356624540
76561198286528366
76561199122348832
76561198182336211
76561198872988678
76561198970493721
76561198833634376
76561199080883739
76561198996562581
76561199058675520
76561198284928413
76561199083752141
76561199166190410
76561198143422940
76561198000917914
76561197974758089
76561199152202495
76561198874485576
76561198297608216
76561198399460656
76561198806381531
76561199194515703
76561199039752584
76561198065950527
76561198856364112
76561199102626705
76561199140898733
76561198807390589
76561198829460941
76561199015384597
76561199152711458
76561198058454350
76561198837142090
76561197989359369
76561199102504850
76561199194335431
76561198321357091
76561198414041939
76561199049646970
76561198309178418
76561198845313802
76561198839626485
76561198238241444
76561198999009001
76561199168526452
76561198332756267
76561198137975370
76561199127599167
76561199076956548
76561199187350101
76561199049348325
76561199049356769
76561198802387695
76561198285350800
76561198420230992
76561198386990085
76561199034144733
76561198972964076
76561199050783603
76561199161327030
76561199050455937
76561199155970728
76561199129662512
76561199015662068
76561199003147816
76561199021322786
76561198424874472
76561198929939707
76561198315710640
76561198396754587
76561198977133086
76561198869181560
76561199162403526
76561199198042260
76561199196191326
76561199032361519
76561198796183211
76561199037779739
76561199180605002
76561199051479967
76561199193603733
76561199193673301
76561199193985539
76561198187153463
76561199055088738
76561198878938734
76561199097755636
76561199020590930
76561198358470996
76561198308405175
76561198979233386
76561198991281971
76561198199352573
76561198083224145
76561199197493923
76561199040652018
76561199198732041
76561199199427421
76561199085512451
76561198819870099
76561199114683780
76561199074598837
76561199059897777
76561198446300074
76561199188640561
76561199081274950
76561198398752277
76561199051278845
76561199109102143
76561199195476410
76561199074683798
76561198287169709
76561198962845057
76561199019540561
76561199193229730
76561199053038562
76561198312963867
76561198153801883
76561198980312236
76561199167727765
76561199169444839
76561199169823581
76561199195043609
76561199111724104
76561198818041563
76561199184031150
76561198236826848
76561199185313834
76561199114144007
76561199185978458
76561198364534262
76561198344901792
76561198078470432
76561199185725918
76561198844906726
76561198379386560
76561199055153456
76561199142416423
76561199051574812
76561199203006409
76561198192212143
76561199163577876
76561199189902380
76561199193456066
76561199201166389
76561199072401458
76561198834240331
76561199050742230
76561199089749847
76561198284273119
76561198255591824
76561199105898259
76561199097266436
76561198210574445
76561198077903638
76561199104498543
76561199185014379
76561199096984308
76561199187037317
76561199145772127
76561199075061637
76561199187527753
76561199082049760
76561198313639689
76561198420913443
76561198879560906
76561199174633723
76561199010915038
76561199146186651
76561199123251385
76561198919818732
76561199110517782
76561199188370219
76561198400257608
76561199058010373
76561198883803332
76561198831333160
76561199061024259
76561199191253165
76561198966655528
76561199015704344
76561199191775489
76561198980438525
76561198969288924
76561198206076327
76561198830730597
76561198998581711
76561199031773600
76561198206945184
76561198436459952
76561199101208723
76561199000457544
76561199091400387
76561198294624052
76561198267590595
76561199195292037
76561198837654651
76561198416401023
76561198380421269
76561199064800248
76561198365693598
76561198263202874
76561199013745389
76561198975998655
76561198354902320
76561198314277734
76561197972252216
76561198262805891
76561198902178088
76561199035739632
76561199126274678
76561199165225611
76561198977172584
76561197995246026
76561198325972202
76561198854286988
76561198952614067
76561198991147583
76561199188515652
76561199164763617
76561199108645254
76561199082529183
76561199103807779
76561198797875847
76561198314339573
76561199136480787
76561199180271078
76561198128378140
76561198878904503
76561199179658153
76561199143868466
76561199195224965
76561199152674859
76561198983480894
76561199121213752
76561198862815186
76561198965422833
76561199114423269
76561199200415537
76561198413277593
76561199074355193
76561198935146703
76561199132606886
76561199189254877
76561198982771682
76561198969414480
76561199056881958
76561198361696362
76561199192181650
76561199117914805
76561199044269178
76561198101492087
76561198170675273
76561199133763665
76561199079316241
76561199117518234
76561198816522257
76561197997276578
76561199121490072
76561199190926533
76561198998300736
76561199073311747
76561199178535858
76561198845322455
76561198445473552
76561199150114769
76561198970229748
76561198344410381
76561198122262579
76561198800765488
76561198892936362
76561198890171133
76561198986204210
76561198801116324
76561198157404986
76561199123483248
76561198999710874
76561198420395034
76561198086740555
76561198859711847
76561199027738048
76561198364611461
76561199133363630
76561199186391480
76561198369855235
76561199111706059
76561199106074033
76561198275731873
76561198797354164
76561198276665951
76561198848874365
76561199089307468
76561199118638261
76561199190111994
76561198070885099
76561198445245430
76561198857539574
76561198151052983
76561199181999003
76561199182412367
76561198240529418
76561198818415843
76561198015326120
76561198871547684
76561197996221792
76561199164773745
76561198937008517
76561198248699026
76561199175853776
76561199187244103
76561198984031186
76561198027423931
76561198244429306
76561199034180680
76561199171615344
76561198341040539
76561198831259336
76561198199103130
76561199191440671
76561198837362387
76561198047940770
76561199096082109
76561198853178440
76561198163800503
76561198940451016
76561198885381075
76561198304954976
76561199118513799
76561198971612742
76561199121753143
76561199176176700
76561199126063565
76561198161749227
76561198264046283
76561198881866061
76561198195327899
76561199119252248
76561197962393866
76561199001297246
76561198362408169
76561199020996940
76561199002139032
76561198236309484
76561198202494449
76561199107074418
76561199196734363
76561199184622932
76561198093746767
76561199183766186
76561199172481641
76561198189153149
76561199184851096
76561198886865472
76561198806548204
76561199184901426
76561199185761522
76561199185112676
76561198151910210
76561198886659900
76561198811495720
76561198356707333
76561198868255707
76561199146397802
76561198885335426
76561198389144901
76561198207809776
76561198257185186
76561199138009028
76561199116723585
76561198966752357
76561198804630868
76561198011031033
76561199140540351
76561199189214942
76561199190915186
76561199191026722
76561199077488674
76561198253914200
76561198013306294
76561199056495720
76561199122699059
76561198361223054
76561199086189099
76561198121848939
76561199062417215
76561198920369711
76561198241235078
76561199203508583
76561199184549119
76561198015978145
76561199186490949
76561199185944739
76561199120132630
76561198442068286
76561199186721379
76561198442649376
76561198799250712
76561198815917411
76561198181483366
76561199063184773
76561199091675677
76561199136940865
76561198384773071
76561199188331827
76561199174223178
76561199188093749
76561198060668929
76561199121283700
76561199189834723
76561199093389745
76561199189579453
76561198330874173
76561199190571893
76561199202447889
76561199092065649
76561198989598651
76561199031973815
76561198284017126
76561198406014236
76561198152057687
76561198075257466
76561198998628065
76561198098619566
76561198122136939
76561199176232933
76561199185487694
76561199000015454
76561198273529920
76561198835796516
76561198983339812
76561199169428127
76561198963351387
76561199129296521
76561197978686904
76561199166946603
76561198812104557
76561199129984563
76561198084967965
76561199100808907
76561199155682800
76561199178320877
76561199035603197
76561198972834154
76561198396892641
76561199194725534
76561199134457443
76561198106846870
76561198183807651
76561199037035515
76561198110445147
76561199193389119
76561199133025540
76561198356240719
76561199189115533
76561199182617874
76561199083749925
76561198356756651
76561199013524472
76561198202877051
76561198843766927
76561199201215414
76561199185709190
76561199013986916
76561199121737090
76561199118263082
76561199173163728
76561198168865947
76561198993876113
76561198880491967
76561198434569224
76561198992425150
76561199179139795
76561199056717211
76561198976127443
76561199123107125
76561199094220287
76561198339196287
76561198412922637
76561199177781930
76561198404666781
76561198097813338
76561199191980096
76561198407292667
76561198995564161
76561199143121197
76561199038874873
76561199182442945
76561198128119435
76561199183218569
76561199183190409
76561199044285561
76561199182676701
76561198228832388
76561198867769112
76561199184735169
76561199176090328
76561198259437124
76561198134938309
76561198832158017
76561199177252594
76561198451939442
76561198434669519
76561199000597991
76561197964533522
76561199181101824
76561199023072113
76561198419513131
76561199078245018
76561199195702150
76561198445789045
76561198863824756
76561198280086161
76561198347749804
76561199186209919
76561199152937080
76561198215451489
76561199126860153
76561198880956103
76561199152862303
76561198450485879
76561198857024362
76561199124895298
76561199061580650
76561199099800987
76561199198277988
76561198019704181
76561198088543680
76561198847980189
76561199149526248
76561198124607323
76561199192484311
76561198826881680
76561199048961738
76561198266081637
76561199012728085
76561199055085687
76561199174170281
76561197973750831
76561199033409650
76561198864179473
76561199087635055
76561199072935990
76561199156017257
76561199128852635
76561198316505515
76561199073641108
76561199003045305
76561199156115146
76561199034437238
76561199085388029
76561198876907734
76561198192024631
76561198813353539
76561199164983675
76561199106612178
76561199115746037
76561199191860966
76561198306703730
76561198116859561
76561199168116223
76561198118403268
76561199053927691
76561198859497648
76561198974955299
76561199182025396
76561199169476505
76561198865152878
76561199188482344
76561199174506803
76561198273115119
76561198879159885
76561199128720785
76561198855423170
76561199185984786
76561199068386772
76561198867089557
76561199026460238
76561198293841017
76561199184610948
76561199184890674
76561198796039272
76561198163053316
76561198996695587
76561198803283791
76561198945249622
76561199072194405
76561199072989016
76561198976254845
76561198318467623
76561199177509559
76561198824738535
76561198373109832
76561197999034972
76561198122989435
76561199014771259
76561198877501745
76561198874784511
76561198954881871
76561198795845716
76561199147971868
76561199002746256
76561198956589041
76561199156787685
76561198974782441
76561199027958890
76561198811099785
76561199156896438
76561198314756393
76561198976050169
76561199118908262
76561198883578600
76561198809336218
76561199112284076
76561199010115733
76561199107895884
76561199192847065
76561199181493094
76561199194530717
76561199071568015
76561198995496984
76561198053259116
76561199006543582
76561199182035628
76561198118083627
76561199069089218
76561199190442871
76561199195081361
76561198251332956
76561198285540844
76561199182751116
76561198995349851
76561199023752883
76561198308826739
76561199094370557
76561198289716751
76561199066585755
76561197967858925
76561199186278104
76561198206453997
76561199041003877
76561198992836789
76561199174006543
76561199186632176
76561198272488776
76561199149593929
76561199166147157
76561199060484018
76561198853124518
76561198832096454
76561199194935960
76561197976583497
76561199127821795
76561199085371204
76561198446005552
76561199049822864
76561199020947292
76561198152115512
76561198118349976
76561199179073103
76561198050241734
76561198151181757
76561199194932583
76561199107715939
76561198146732514
76561198875089661
76561199159884046
76561198144029378
76561199024301236
76561198213919317
76561199037085875
76561198869267449
76561199102031877
76561199192624895
76561199193954879
76561199108761186
76561199181697972
76561199016752761
76561199147384047
76561198056883138
76561199181775962
76561199194573265
76561199177371405
76561199194343567
76561198380851947
76561198453002816
76561199183091082
76561199130171087
76561198094750193
76561198104079056
76561198167890855
76561199074410897
76561199014595868
76561198059131498
76561198405485163
76561198355657070
76561198405182771
76561198303749209
76561199002736853
76561199171641614
76561198856690962
76561199088897413
76561199016101391
76561199173321290
76561199100942987
76561198985180259
76561199069385118
76561198064457431
76561199168965159
76561199087531332
76561198148561051
76561199162782717
76561198929585054
76561199003570435
76561198200703293
76561198370567290
76561199093800025
76561198989552760
76561198957816226
76561198437698993
76561198172167683
76561198806709635
76561199187283334
76561199194773275
76561198850109081
76561198818039755
76561198866215064
76561199134501527
76561198035652925
76561198081286303
76561199185855248
76561198412292968
76561199138771782
76561199035564465
76561198964955910
76561198134707200
76561198420608947
76561198316905806
76561199112065403
76561198370308855
76561199024419147
76561198830331153
76561198342137138
76561198397913648
76561198963297612
76561199050979381
76561198815277737
76561198852330976
76561199135440050
76561199182831239
76561198993184308
76561199156672140
76561198210086420
76561198882600098
76561199187055689
76561199086684060
76561199187779805
76561198116123908
76561199189031321
76561199097635520
76561198278562481
76561198277995272
76561199190575489
76561198077767298
76561199138365044
76561199140511889
76561198910140810
76561198259521994
76561199169149663
76561199060536374
76561199015220400
76561199180454135
76561198840066897
76561199180109227
76561199171432564
76561198864038848
76561198192718047
76561199193743634
76561199181938633
76561199185025283
76561199144715107
76561199185366187
76561199044209798
76561199074345375
76561199121926637
76561199188357893
76561199013197337
76561199138025476
76561198275197985
76561197978744326
76561199191463467
76561198862279361
76561199179902210
76561198833918218
76561199180593008
76561199148856204
76561199011019448
76561199070870152
76561198086039621
76561198091826196
76561199024009631
76561198121386832
76561199180870583
76561198331705435
76561199167956778
76561199159430279
76561199018046546
76561198882727879
76561198914084363
76561198874601038
76561199030674433
76561198839343577
76561199128887105
76561198359517181
76561198862662253
76561199094381949
76561199063784776
76561198122379360
76561199158416451
76561198859529422
76561199159710413
76561198038978818
76561199187066791
76561199163439611
76561199196784075
76561199160516658
76561199184061098
76561199183701670
76561199183947014
76561199184610272
76561198438542211
76561198831037010
76561198198605007
76561199113034348
76561199185437388
76561199087164146
76561198795696778
76561198148534130
76561199187098546
76561199177268173
76561198903066233
76561199176957925
76561199117712675
76561199179812227
76561198307666342
76561199178947381
76561198395923542
76561198378500916
76561198171838697
76561199181783259
76561198882377125
76561198246049132
76561198982760512
76561199141293384
76561199190717496
76561199186182519
76561198835332610
76561199186343807
76561199058576190
76561199198625293
76561198979593042
76561199102362984
76561198374266282
76561198882916961
76561198083826928
76561198258152704
76561199176904040
76561199177144908
76561198176116107
76561198163422763
76561198070835234
76561199059744158
76561199190371972
76561198997494104
76561198289298194
76561198146093323
76561198150236993
76561198998139694
76561199192122253
76561198850968430
76561198299489815
76561199018521838
76561198855341537
76561198385715165
76561198325632091
76561198377298323
76561199191740064
76561199049810102
76561198874670572
76561199000635972
76561199020085976
76561199136299947
76561199086043364
76561198937041279
76561199032108034
76561198875288641
76561198388535255
76561199129582691
76561198974322829
76561199098757772
76561198372077858
76561199154303136
76561199156196494
76561198152586579
76561199155169632
76561199053220341
76561199158593021
76561198968024924
76561199013071154
76561198323740001
76561198840172207
76561198427695812
76561199094902814
76561199074559522
76561198814428803
76561199064903456
76561198785223181
76561199146496618
76561199074487235
76561199037516995
76561199194525472
76561199168491447
76561198132085673
76561199105997734
76561199163339870
76561198000501408
76561198307810291
76561198796574815
76561199195770779
76561199196355881
76561198153293059
76561198878794622
76561199183806392
76561198417149062
76561198407564224
76561197960883927
76561198403755148
76561198271962710
76561199069942998
76561199019911831
76561198979946389
76561199172905361
76561199166080700
76561198273366526
76561199192524767
76561199117902815
76561199089975901
76561198879004637
76561199142235605
76561199019460083
76561198969634468
76561198413931734
76561199124057761
76561199124036145
76561198351347196
76561198111176808
76561198417229988
76561199142321844
76561198992352751
76561198123961990
76561199014540963
76561198300159077
76561198097286163
76561199077225184
76561198874691752
76561199080633556
76561199153283057
76561199185261164
76561198967948728
76561198874856938
76561198989823706
76561198887807733
76561199128254133
76561199085162816
76561198837039797
76561198840076152
76561199013910448
76561199187207341
76561199116208184
76561197996044312
76561198838250629
76561199197973712
76561198319804532
76561198013326889
76561198374548926
76561198397304492
76561198795907255
76561199020357889
76561198865162576
76561198865752213
76561199006821790
76561198400828950
76561199197432725
76561199193178687
76561197972771213
76561199171418159
76561198204100340
76561199185029478
76561198928982878
76561198035488581
76561198374382608
76561199040904970
76561199124724794
76561198115728259
76561198352293965
76561199096578941
76561199117019255
76561199023222790
76561199107743764
76561199182345775
76561198128110922
76561198896447707
76561198243646490
76561198451238660
76561199166952665
76561198982366671
76561199037718844
76561198815673903
76561199181667718
76561199153066169
76561198066329143
76561198162989864
76561199113001673
76561198888558245
76561199050665819
76561198983729207
76561199076879041
76561199185167222
76561199184803006
76561198370232015
76561198189427289
76561199112535470
76561199167216724
76561198387998749
76561199136049842
76561199165713093
76561198209545895
76561199177320739
76561198173861686
76561198192138922
76561198825189457
76561199041851744
76561199178571169
76561199179420009
76561198874553928
76561199141106155
76561198282274617
76561199010532424
76561199107863468
76561199182175909
76561198371234351
76561198192469021
76561199182190701
76561199105386372
76561199058348499
76561198050383016
76561199074488362
76561199068018953
76561198339542100
76561198175378478
76561199101965894
76561199184373479
76561199186166557
76561198871991130
76561199173509397
76561198803342945
76561199053767263
76561198290500271
76561199122237411
76561199167482740
76561198164201740
76561198116134340
76561198993214807
76561199111669420
76561199071073088
76561198874866086
76561199029125649
76561198363345593
76561198841090555
76561199177026829
76561199121346343
76561199178493525
76561198292826785
76561199160439612
76561199178422229
76561198989144314
76561199079499522
76561199179233575
76561198991593804
76561199118489123
76561199182679579
76561199169168436
76561198961492332
76561199179216493
76561198405301419
76561198369108663
76561199188616341
76561199081362021
76561198867520427
76561198039152339
76561199181383585
76561199037059868
76561199119867869
76561198333651105
76561199095848796
76561198407174411
76561198201367745
76561198929784309
76561198366958326
76561199144004493
76561199183278763
76561199044269261
76561199096529666
76561199186571371
76561199185755441
76561199166117880
76561198804552382
76561199135210245
76561198141527636
76561198035990539
76561198845473039
76561198417841592
76561199148900265
76561199179198712
76561199168498325
76561199073162661
76561198129859090
76561198415016056
76561198821046961
76561198350841358
76561199005014280
76561199149379803
76561199153265561
76561199095556796
76561199113349853
76561198869005768
76561199056806405
76561198394204958
76561199178484843
76561199075925065
76561198119997791
76561199088753585
76561199180815881
76561198824070013
76561199080155824
76561198945353175
76561199005077164
76561199074425159
76561199089332631
76561198125800394
76561199174194866
76561198155219990
76561199183097911
76561198165695506
76561199143755635
76561199118839251
76561198334292976
76561199090260689
76561199174363746
76561199090078129
76561198995329589
76561199003324507
76561199014006058
76561198043296222
76561198233992688
76561199182143595
76561199035947841
76561199074266001
76561199177233236
76561198378983203
76561199081910394
76561199140819075
76561198997204670
76561199086652828
76561199147494515
76561199046705640
76561199001089111
76561198386103256
76561199123039534
76561198390286400
76561199177114505
76561198840444276
76561198445092629
76561199084953578
76561199149115692
76561199057768805
76561198844711148
76561198887742590
76561198256840857
76561198825782784
76561198969746083
76561199026090072
76561197986568558
76561199016264315
76561198007061251
76561198887679188
76561199109234305
76561198432385404
76561198365398921
76561198888496265
76561198141811527
76561199059769523
76561198810342941
76561199071997790
76561198821997546
76561198813008593
76561199113666897
76561198125437715
76561198971798939
76561198284328049
76561198283419943
76561199051644242
76561198304819975
76561199192128436
76561199163667423
76561199070095377
76561198159761012
76561198807783828
76561198255339902
76561199190670628
76561198262909282
76561199161831846
76561199015853999
76561198113250375
76561198071082070
76561199186725510
76561198080660458
76561199025909637
76561198202037099
76561199196129701
76561199027210966
76561199196603365
76561199199084396
76561198879296702
76561198339531632
76561199196766333
76561199054152300
76561199000868820
76561199092442136
76561199054194576
76561199184216240
76561199168897914
76561198865494964
76561199183831094
76561199179207078
76561199026023693
76561199182557599
76561198047100657
76561199182881155
76561199182648121
76561199182368891
76561199182682971
76561199182638801
76561199184467441
76561199184421619
76561198868960234
76561199012717737
76561199180164202
76561198921327831
76561199145949823
76561199187356573
76561199188228187
76561199089451756
76561198883399928
76561199059559592
76561198310389227
76561198883904060
76561198821029162
76561199020583121
76561198272864651
76561199123026321
76561199075385432
76561199147542201
76561199082241113
76561199166367784
76561199048364753
76561199148557482
76561199169800343
76561198141884289
76561199057279948
76561199062493278
76561199096963673
76561197980265691
76561199063504415
76561199064334039
76561198888572173
76561198421265396
76561199086550834
76561199155634573
76561198306152750
76561198124634252
76561199050708769
76561198042464072
76561198086203090
76561199076213318
76561199193514333
76561198978692425
76561198070123932
76561199034634467
76561199106525267
76561198986893071
76561198240535396
76561198855715606
76561199164474741
76561199182796894
76561199182796926
76561199183311714
76561199184475598
76561198165293319
76561199077319752
76561199143295756
76561198381624864
76561199172667583
76561198305202132
76561198303385351
76561197968889511
76561199086661397
76561199139334013
76561199188963522
76561199187744748
76561199177493353
76561199137851292
76561199117790617
76561199010507273
76561198311192743
76561198814137104
76561198390575907
76561199092093434
76561198353095221
76561198376851883
76561199107908563
76561199183117143
76561198099125319
76561198851880027
76561199182642789
76561199152138729
76561199068929090
76561198149414564
76561199182888399
76561198849728305
76561199183865491
76561198208725347
76561198309655702
76561198983414740
76561198369733074
76561199184247979
76561198423989917
76561199198560186
76561198428199701
76561199177426326
76561198360302821
76561199188168491
76561198340887755
76561198278566918
76561198145829123
76561198845980964
76561199191085165
76561199029255848
76561198830562775
76561199191478751
76561199194063213
76561199144764650
76561199093821315
76561198076506412
76561198128978748
76561198970078303
76561199193839111
76561199193561529
76561199067025289
76561199104830961
76561199194356061
76561198339813466
76561199072003911
76561199069532220
76561198289696029
76561198851831924
76561199114467861
76561198356242645
76561198407381080
76561198051571282
76561199174277235
76561199151926117
76561198300302087
76561198259080575
76561198353957086
76561198060869453
76561199006055245
76561199023534377
76561198797043012
76561199141963378
76561199112993133
76561199141662037
76561198273262403
76561199180406931
76561199024930563
76561199043416615
76561198170042798
76561199142109007
76561198030767355
76561199142952375
76561199118110416
76561198398686298
76561199193848202
76561199098820373
76561199078239939
76561199119309865
76561199114382720
76561199175766420
76561199186003579
76561199176474790
76561199159046981
76561199143990130
76561198376732892
76561199184915593
76561199065532936
76561199177479390
76561199001199967
76561199188883301
76561198112407575
76561199075040369
76561198197169195
76561199096015777
76561199189560019
76561198822474490
76561199183806064
76561199161968077
76561199086774952
76561198410524996
76561199107352086
76561199150132529
76561198274919925
76561199072003368
76561198350566650
76561199086380487
76561198317907273
76561198142115831
76561198353343536
76561199169469266
76561198850632524
76561199177841989
76561199056947402
76561199191016686
76561198119786547
76561198316306678
76561199124253882
76561198271133410
76561198135494655
76561198399491568
76561199058717186
76561198048703440
76561198391913432
76561199044183201
76561199183697983
76561199183340487
76561199174289794
76561198253036959
76561198313789377
76561199184871317
76561199184916737
76561199185342785
76561198119047682
76561198294340608
76561199185943189
76561198233117468
76561198997008398
76561199177326328
76561198184209707
76561199177078242
76561198781712643
76561198314896327
76561198102011891
76561199186576037
76561199178552522
76561198171349538
76561198273130604
76561199189910287
76561198847007225
76561199189661101
76561199191132867
76561199102579680
76561199179858562
76561199177491367
76561198317356677
76561199192510055
76561199195015469
76561199107628530
76561198415488676
76561199182898542
76561198155335691
76561199183128300
76561199164926926
76561199183601884
76561198129775104
76561198165207530
76561199093896361
76561199196282458
76561198979973298
76561199185318556
76561199008743856
76561199175397139
76561198981260578
76561198414910852
76561198236379204
76561199089193207
76561198345596990
76561198865687154
76561199024765549
76561198940731241
76561198234599580
76561199119063515
76561198968377753
76561199011029493
76561198377679731
76561199145394588
76561198999170487
76561199183533267
76561199026801039
76561199141985384
76561199182714934
76561199074926420
76561199190530996
76561199184355139
76561198923948129
76561198982258539
76561199184126884
76561198410053981
76561199175981878
76561199043586328
76561199157799883
76561198852808709
76561199002759982
76561199172255602
76561199189425293
76561199190646471
76561198989178373
76561199139169485
76561198989389063
76561199190756863
76561199048407431
76561199190075961
76561198322382149
76561199190449085
76561199191364177
76561199191414259
76561198972940636
76561199178200073
76561198837547882
76561198133721495
76561199187252129
76561198360177691
76561199028607303
76561199092005361
76561198378076338
76561199176878732
76561199081137311
76561199122256711
76561199007049344
76561199013352815
76561199179847078
76561198795666993
76561198884138475
76561198845543132
76561198124072953
76561199094751103
76561198339857513
76561199032789125
76561198450378892
76561199145915073
76561199123615930
76561199158146601
76561198378724406
76561199014670077
76561199114818363
76561198959882311
76561199126955052
76561199086216222
76561198441203745
76561198885340484
76561198973553462
76561198036130822
76561199063199257
76561198934832092
76561199105092540
76561199034636116
76561199105636372
76561198976287559
76561198812062575
76561198866063960
76561199022552513
76561199132369991
76561199077134780
76561198369740495
76561198252625864
76561199186148197
76561198877543927
76561199018824329
76561198185992435
76561198808365470
76561199019441573
76561199000800673
76561199056844753
76561198330282504
76561199180917676
76561198929550587
76561199123538323
76561198825974876
76561199193511327
76561198339824301
76561199058226321
76561199101549824
76561199099762974
76561198809740327
76561198886696159
76561198449805275
76561199033925212
76561198449816353
76561198421138574
76561199083821534
76561199153771407
76561198154546166
76561198798261867
76561198837137700
76561199086043075
76561198972933590
76561198316639185
76561199155349749
76561198182297599
76561199064012000
76561199185987730
76561198050148822
76561198347772765
76561198843379888
76561199026476251
76561198957952115
76561199017073279
76561198238938224
76561198841025777
76561198358977409
76561199033796000
76561198315239462
76561198169396737
76561198449061532
76561199035725994
76561198189799342
76561198981278301
76561198068581248
76561199008648991
76561199109262666
76561198385173211
76561198842349447
76561198401315494
76561199196501705
76561198864473642
76561199119908482
76561199135162641
76561199181880841
76561199195799943
76561198165290457
76561199013443534
76561199196108257
76561199171115439
76561199112039217
76561199196237591
76561199196230889
76561198971005569
76561198295804860
76561199083982182
76561199152675703
76561199031011083
76561199015000965
76561198860037940
76561199174314030
76561198960415113
76561198225292160
76561198419663214
76561198086926738
76561199079220223
76561198430748037
76561199184369113
76561198320495589
76561198798781887
76561198559158446
76561199020619388
76561199045179821
76561199020877415
76561199138701437
76561198875272602
76561199087519462
76561198416645733
76561198194672166
76561199064925626
76561198218057335
76561199195677965
76561199163603538
76561199027735406
76561198094861410
76561198256551450
76561198877230373
76561198160384571
76561199074647632
76561198327383604
76561199125992425
76561199005922272
76561198330371934
76561198874462862
76561199192821005
76561199142166752
76561198148355328
76561198847120649
76561199182126686
76561199181792940
76561198334551762
76561198865305397
76561199182224406
76561199182204750
76561199182593510
76561199085035388
76561199006786822
76561199169616053
76561199094154198
76561198199624358
76561199167400982
76561199114118537
76561199184201434
76561199060141480
76561199192073443
76561199191705205
76561198879593226
76561198272277141
76561198181535302
76561199112045561
76561199098253386
76561198274367513
76561199061371809
76561199029263720
76561199094764267
76561198070457723
76561198873254624
76561198000603174
76561198971180516
76561197963011349
76561197973045246
76561198180484357
76561198038832372
76561198237400410
76561198408707529
76561197964082665
76561198126931359
76561198387444001
76561198441921005
76561198438569886
76561198987715780
76561198410031078
76561199142262335
76561199154787522
76561198260728747
76561199106421547
76561198323346806
76561199160282256
76561199104508927
76561198409327377
76561198959998121
76561199051522534
76561199117050877
76561199153215080
76561199163909609
76561198051924879
76561198990016700
76561198323829484
76561198847309350
76561199142804231
76561199074598848
76561199053976935
76561199180784310
76561198955570398
76561199172396867
76561198309765387
76561199195258797
76561199195300487
76561198956735470
76561199182730922
76561199083474489
76561199189120465
76561199184266884
76561199186884022
76561199161031266
76561198315868279
76561198415028822
76561199173488822
76561199043465104
76561199087041611
76561199160737728
76561199169938946
76561198097035785
76561199171159916
76561198994216320
76561198169081826
76561198356650698
76561198997141723
76561199118924719
76561199180087087
76561198360670688
76561198145607594
76561198870284273
76561198294533667
76561199123131153
76561198369585203
76561199032998438
76561199161615201
76561198963050084
76561199137186443
76561198440401310
76561199044548301
76561199184196589
76561199074677542
76561198350514920
76561199185407147
76561199027441539
76561199185313385
76561199185515307
76561199181919721
76561198119603571
76561199091546169
76561197982034685
76561198083748102
76561198233268764
76561199095700049
76561199005551815
76561198336623990
76561198376095038
76561199167939885
76561199075183030
76561198043292395
76561199083792176
76561199190691659
76561199049191849
76561199119948733
76561199103908360
76561199177577288
76561199146944798
76561198803135305
76561198369945701
76561199134250784
76561198410110527
76561198897958354
76561199085215979
76561199069017792
76561198400115691
76561198400357961
76561199069198024
76561199039301557
76561199196920691
76561199093361599
76561199170972701
76561198423391205
76561198019748965
76561199197503007
76561199197558021
76561198880354297
76561199117712508
76561198042410315
76561198879909355
76561197963214464
76561198965933833
76561199138700435
76561199186670338
76561199160158932
76561198128428158
76561198352871828
76561197999278462
76561198828036034
76561198072186970
76561199009427702
76561198836767579
76561199009639092
76561198171641771
76561198310952710
76561199072246520
76561198800069078
76561199180238899
76561199147496949
76561199129536631
76561199114892474
76561199081037212
76561199120282173
76561199184808937
76561198251653040
76561198881647441
76561199185181059
76561198826431199
76561199184068443
76561199186592233
76561198216044660
76561199175702536
76561198815446365
76561199185629971
76561199074404425
76561199144746833
76561198918895182
76561199045497093
76561198259837983
76561199122266785
76561199081457089
76561199178993770
76561199185494100
76561199013719224
76561199169687211
76561197963649205
76561199173250613
76561198880201446
76561198272244090
76561198984311392
76561199188215968
76561198134090683
76561199114975596
76561199150720710
76561199087466879
76561198295147620
76561199173848526
76561198204655641
76561199180769441
76561198119230377
76561199182215342
76561199033732990
76561198452108382
76561198995349761
76561198269291024
76561199184151367
76561198142582954
76561199194583495
76561198969477537
76561199182470133
76561199182476058
76561199175875768
76561199126766493
76561199187081289
76561199182070522
76561199160829426
76561198985424163
76561199176447386
76561198988497065
76561199080841166
76561199013933130
76561198298947777
76561199193766405
76561199187048686
76561198868826636
76561199094103447
76561199095169811
76561199102890811
76561198260485937
76561199101739149
76561198287878974
76561199119854524
76561199185665145
76561199100208736
76561198391351160
76561199032198587
76561198300348634
76561199049666146
76561199104756565
76561199033159894
76561198348788465
76561199070555836
76561199159526685
76561199189453941
76561199015763600
76561198802846440
76561198141698156
76561199183659440
76561199180944020
76561199062894838
76561199048036545
76561199166194457
76561198803420673
76561199094242405
76561199095715969
76561199045220889
76561199030150456
76561199182455151
76561199151534415
76561198093456344
76561199125551403
76561197986999505
76561198940836775
76561198143391282
76561199102080889
76561198439937945
76561198449639711
76561198875012564
76561199177241144
76561199102887792
76561199104450113
76561199075417440
76561198066341144
76561198212099367
76561198097833200
76561198152433739
76561199149107163
76561198315795757
76561198876630269
76561198340098144
76561199106973110
76561199074676590
76561198149636585
76561198196612018
76561199109312501
76561199132808146
76561198808475640
76561199167647649
76561198330168182
76561199005907079
76561199058231471
76561199038911739
76561199182411356
76561199110403958
76561198434805452
76561199039465842
76561199184351576
76561199039726878
76561198002686979
76561198190547946
76561199185028880
76561199184849426
76561199183110978
76561198812629156
76561199189675481
76561199070262861
76561199113269343
76561199134691573
76561199173083792
76561198820546938
76561199129507824
76561199070576245
76561198080287710
76561198146291460
76561199162339107
76561199076270308
76561198876650590
76561198089000086
76561199074529075
76561199148893802
76561199166513489
76561199110417307
76561199168484137
76561198978575626
76561198190550027
76561198163773751
76561199170769447
76561199130833561
76561199007250690
76561198891767906
76561197973582774
76561198405908406
76561199095075384
76561199173418109
76561198382473548
76561199173957905
76561198433999476
76561198965991269
76561198875704044
76561198963705920
76561198964626874
76561199153765543
76561199170138044
76561199178770305
76561199109332889
76561198355674024
76561199179066969
76561199056313846
76561199093145213
76561199180651285
76561198848685445
76561199025081639
76561198805751600
76561199180663871
76561199077369747
76561198134318112
76561199169327739
76561198365283620
76561199173193384
76561199160063869
76561199118355102
76561198986958085
76561199174235252
76561199081189740
76561198804848648
76561199174305060
76561198065200313
76561199074802772
76561199139642331
76561198918049604
76561199176259282
76561199079734377
76561198016789350
76561198991581562
76561198361290892
76561198996750391
76561199091945945
76561198880065825
76561198274266300
76561199059896576
76561198969409923
76561198348039688
76561199123272498
76561198985038902
76561198871536752
76561198388250340
76561199150174537
76561199151155137
76561198361032695
76561198093485373
76561198998802936
76561198198856751
76561198000768792
76561198833724211
76561199010324863
76561198824565350
76561198090409309
76561198965618657
76561198834244693
76561199139528566
76561199168183445
76561199172614878
76561199172670688
76561199172196794
76561198967840335
76561199057732569
76561199078565773
76561199003737319
76561199080897669
76561199159829424
76561198269181692
76561199164628057
76561199074611876
76561199162059068
76561198963653366
76561198110531728
76561199144509849
76561198080504531
76561199165536034
76561199012770150
76561199102495806
76561199176312492
76561198374987724
76561199170531828
76561198056114614
76561198399883599
76561198277813293
76561199163823899
76561198866555055
76561199044789233
76561199131115980
76561199089217247
76561198409672656
76561198304405170
76561199177981740
76561198315382501
76561199177671872
76561199004986811
76561199017244932
76561198971956525
76561198997705806
76561199140958752
76561198847199650
76561199078221079
76561198154060870
76561199061245488
76561198963205791
76561199147272318
76561199037985850
76561199147499300
76561199054614671
76561199039146858
76561199078741150
76561199066246506
76561199114388007
76561199026184530
76561198255818509
76561198940684728
76561198441297205
76561199078115988
76561198445813925
76561199094930837
76561199164386354
76561198044270411
76561198873812906
76561198867006322
76561198840055018
76561199160849233
76561198999274689
76561198292669178
76561199031291614
76561198989120534
76561198313436585
76561198449573813
76561199031706988
76561198223881404
76561199151843976
76561198275390154
76561198316310613
76561198329432461
76561198256909198
76561199032523749
76561199127432824
76561198456046024
76561198957997842
76561199065283843
76561198454176958
76561198349873867
76561199002680961
76561198174554439
76561199004381514
76561199022439804
76561198407727742
76561198079048242
76561199088501128
76561198989787662
76561198319700038
76561199161260294
76561198821823780
76561199083182518
76561198834558049
76561199164225152
76561199054853379
76561199102286102
76561199108710301
76561199074579284
76561199004840573
76561198992415459
76561199109254940
76561198968589330
76561199038220213
76561198876881580
76561199169067356
76561198290013871
76561198217413889
76561198180571666
76561198346733479
76561198442235744
76561198034141487
76561198346932662
76561199103339946
76561198059072978
76561198328605933
76561198306382508
76561199004092720
76561199051276973
76561199050498050
76561198040781469
76561198978052509
76561198058173933
76561199065867735
76561198891647762
76561199106301699
76561199105118206
76561199022422518
76561199106078188
76561198369557581
76561199000066707
76561198838792199
76561199096962577
76561198287555638
76561198842289357
76561199180703479
76561198954478890
76561199154087431
76561199074585995
76561198992672952
76561198403243081
76561198139703563
76561199174203110
76561198356691403
76561199163934760
76561198957299793
76561199060728385
76561198365186638
76561199010964163
76561198154968837
76561199107933212
76561198357598864
76561198991050819
76561199164875948
76561199174047727
76561198400219544
76561199134663710
76561199029402579
76561199065217544
76561198867346852
76561199053957667
76561199021882757
76561199088189252
76561198868003810
76561199064707730
76561199047042382
76561199045642198
76561198257566830
76561198980498124
76561199174205659
76561199175234731
76561198201147342
76561198332529504
76561199063393692
76561198438909987
76561198392501191
76561198872780612
76561198047106961
76561199128465614
76561197974168158
76561199050431980
76561199002512883
76561198109209726
76561199089577112
76561199156731522
76561198263321414
76561199156460118
76561198803018568
76561198065874437
76561198391432213
76561199019142006
76561198853777726
76561198352488128
76561198975042778
76561199106572589
76561198350938103
76561199131374643
76561198961442736
76561199132301931
76561199132387883
76561199130671576
76561198425880166
76561198983463472
76561199134342699
76561197988556896
76561199134111133
76561198327519743
76561197996230873
76561199152524073
76561197993049243
76561199121518231
76561199158961937
76561198954870090
76561198876977158
76561198383224041
76561199166768451
76561199048836751
76561198061811649
76561198351952143
76561199038011307
76561199118126869
76561198859867400
76561199039528245
76561199103424418
76561198137922215
76561198078004325
76561199055143093
76561199168463406
76561199172863157
76561199034108324
76561198415183085
76561199115064041
76561199135731646
76561199120137026
76561199170449425
76561198374026488
76561199028318175
76561199056569432
76561199031142458
76561199163605209
76561198269179442
76561198360568201
76561199075919189
76561199145566920
76561199077049657
76561198383756960
76561199178294204
76561199154814178
76561198119815764
76561199180339298
76561198273405095
76561199012895404
76561199054996456
76561198282100518
76561199059793194
76561199078445544
76561198262636888
76561199021384500
76561199179445592
76561198165128307
76561198195272439
76561198438866163
76561199098589762
76561198110371414
76561199092191272
76561198343851015
76561199166239555
76561199080498948
76561199107324123
76561199030640539
76561199099764966
76561198141329624
76561198204160051
76561198094851857
76561199032273427
76561199152905075
76561198987352414
76561198071324163
76561198179525061
76561199118895019
76561198871556618
76561199098915051
76561198875562509
76561198917892788
76561198798500695
76561199085549737
76561198122649051
76561199057395972
76561199131187971
76561198192199893
76561198365933999
76561199178027881
76561199177893905
76561199167551408
76561198407220287
76561198347545191
76561199160600915
76561198355837078
76561199179159259
76561199043265819
76561198982167152
76561199069630604
76561199142217115
76561198359429662
76561199139493012
76561198360494224
76561198212751853
76561198996445578
76561198968100786
76561198874559291
76561198170309814
76561198263839641
76561199087271870
76561199048164196
76561199143006523
76561199133472731
76561199118754366
76561198277395777
76561198070013222
76561199175703648
76561199074680160
76561199011759131
76561198353387223
76561199145497285
76561198853075809
76561197963351367
76561198818208881
76561199148646347
76561198190650634
76561199179876694
76561199179896144
76561199149367265
76561198102938879
76561198305234084
76561199159538051
76561199147878710
76561199124549205
76561199028855067
76561199080003630
76561199041404616
76561199099813215
76561199046751252
76561198968119217
76561199100744685
76561198834576595
76561199037401588
76561199127178031
76561198368838260
76561198301905479
76561199101229352
76561199140617298
76561198852734583
76561198276199938
76561198372655947
76561199150377706
76561199120097492
76561198889525807
76561198335440786
76561199152204453
76561199110001458
76561198854575906
76561199084613540
76561199071553590
76561199096485693
76561199083245722
76561199126828023
76561199087932756
76561199047804384
76561198971794203
76561198236110074
76561198839038904
76561198046832010
76561198297366586
76561199119464857
76561199061261358
76561198222123796
76561199049610377
76561199151579050
76561198843435138
76561199155483421
76561198440197481
76561198018702797
76561198333158895
76561199154191977
76561197997258632
76561198856380154
76561198269267857
76561198360336825
76561198983713475
76561199149880895
76561199001370492
76561199153073126
76561198138979017
76561198925712400
76561198319630568
76561198851246819
76561198724880127
76561199033426666
76561198103206367
76561198349485021
76561198972616253
76561198986492566
76561198870308601
76561199158381244
76561198258640696
76561199003455043
76561199128213325
76561198983296432
76561199035542843
76561199017495429
76561198093128670
76561198960287382
76561198284381189
76561199171372582
76561197960775870
76561198454136806
76561199059353092
76561199174503135
76561199045804641
76561198428877675
76561199059857904
76561199130070147
76561198078440229
76561198141833303
76561198850734781
76561199157704591
76561198300351446
76561199180678568
76561199109403992
76561199094409895
76561198966088768
76561199047192991
76561198448442028
76561198331037267
76561199146334527
76561198384656749
76561198107602629
76561199151390895
76561199053011322
76561199046992342
76561198880035092
76561198965714275
76561198424115679
76561198848493058
76561198933187773
76561198894195509
76561199096222227
76561198842836655
76561199096632127
76561199127422179
76561199063731713
76561199101997778
76561199177581848
76561198836706878
76561199101672910
76561199103417489
76561198141903007
76561198988012312
76561199155346251
76561199001396169
76561199101528303
76561198338067298
76561199042088197
76561198321811759
76561199123355461
76561198876129061
76561198237466552
76561199074482008
76561199129762479
76561199176032928
76561198368069281
76561198859459688
76561198018310883
76561199152249191
76561199006804686
76561198327549450
76561199145602630
76561198844563203
76561198352627360
76561198298557990
76561199097921294
76561199112952333
76561198071640743
76561199085972965
76561199088335515
76561198169190265
76561199173929552
76561199066884917
76561198721266099
76561198799128811
76561198355893755
76561199162718823
76561199020969257
76561198232309336
76561199160304996
76561198418617162
76561199149760385
76561198823721144
76561198117389457
76561198084147806
76561199097083820
76561198811764451
76561199116118641
76561199114722296
76561198999025152
76561199070714630
76561199180056957
76561199180912133
76561199179573349
76561199015360058
76561199179591267
76561199179575007
76561199056463078
76561198984603728
76561198302992048
76561199181179011
76561198360255254
76561198132159766
76561198144021293
76561198419305732
76561199088767434
76561198888574205
76561198970498593
76561199044785730
76561198982122920
76561199044291254
76561198871135977
76561199174496684
76561198800907865
76561199104280335
76561198311247596
76561199010700138
76561199164315765
76561198961610890
76561198966671272
76561198277686016
76561198977434455
76561199161341172
76561198450049150
76561198953346072
76561199107612142
76561199036998130
76561199104352392
76561199031333429
76561198413754349
76561199090015858
76561199074709050
76561199016405388
76561199167599489
76561199065778792
76561199153445406
76561199155992860
76561199162649230
76561198982541155
76561199164032656
76561199069297768
76561199169763415
76561199165144830
76561198832501846
76561198964946627
76561198964492597
76561199072477321
76561199171571713
76561198251484130
76561198448781532
76561199165661582
76561199145213700
76561199111893816
76561198798235547
76561199082129007
76561199166877382
76561198251602252
76561199051080752
76561199168212040
76561199114535239
76561199172881265
76561199167249872
76561198894733758
76561198878831388
76561198044475987
76561198868712834
76561198392798200
76561199014383026
76561198046254469
76561198845489987
76561198933974649
76561199174894493
76561199176230961
76561199169373760
76561198981561786
76561199169684066
76561199114791451
76561199180059495
76561199103655983
76561199175907436
76561198238455998
76561198258346866
76561198355386977
76561198871673036
76561198815168732
76561199178374191
76561199152794874
76561199169413649
76561198043756389
76561198881102713
76561199010595198
76561198149473187
76561198253276740
76561199169481778
76561198377495535
76561199087336935
76561199058488151
76561199074387105
76561198888781396
76561198435275458
76561198822821500
76561199175311154
76561198854536453
76561199059074353
76561199091518104
76561199175435778
76561198963450614
76561198853244317
76561198401638787
76561199176127438
76561199150850371
76561198984130545
76561199170576116
76561198164756294
76561199073526645
76561198996526375
76561198964890186
76561198829531403
76561199067341201
76561199082742590
76561198832792785
76561198431509199
76561199121298954
76561199149019365
76561199082363145
76561198895038658
76561198315573705
76561199098682686
76561199124290079
76561198949603411
76561198832434399
76561199098923972
76561199091820027
76561199031191661
76561199095541281
76561198299586339
76561198393443297
76561198977149658
76561198443995395
76561199019983403
76561199161948215
76561199180703572
76561198307831499
76561199002082418
76561199020762919
76561198146689809
76561198838396893
76561199072134281
76561199049369591
76561199127021423
76561199175017291
76561198202598881
76561198346396465
76561199051616973
76561199013796270
76561199168542817
76561198030578247
76561199017269961
76561199147094633
76561199167028708
76561199174723037
76561198255941954
76561198122186684
76561199120722871
76561198043538232
76561198193081957
76561199093643220
76561198375865664
76561197973855177
76561198828370177
76561199086050109
76561197999466958
76561198295042826
76561198938723235
76561199138072416
76561199071744390
76561199066561027
76561199141041739
76561198868391732
76561198880599684
76561198994361585
76561199179280637
76561199180151651
76561198119266922
76561198361732442
76561198836698716
76561199017688386
76561199107174992
76561198272338688
76561199018701012
76561199163691717
76561198132797802
76561198967912495
76561199025185159
76561198799485748
76561199166856633
76561198149635468
76561199087818662
76561198284751211
76561199052593544
76561198164134349
76561199180907710
76561199163184797
76561199164149619
76561199020459883
76561199089561600
76561199138935422
76561199089233686
76561199099911742
76561199004870195
76561199109405327
76561198327958060
76561199074787930
76561199074749733
76561198307328785
76561198818216297
76561199094352728
76561198993047053
76561198981991023
76561199037994841
76561199109398128
76561198831208866
76561199024816996
76561199038308575
76561198451244457
76561198389588151
76561199038877748
76561198373984789
76561199006695572
76561199157545646
76561198938234587
76561199164682306
76561199150234795
76561198365831217
76561199172203849
76561198360676127
76561198021883704
76561199171897159
76561199173450359
76561198141006067
76561198195924263
76561199164360305
76561198980282656
76561199008158751
76561199173756733
76561198867545185
76561198930580561
76561199173751835
76561199167985144
76561199173503213
76561199065170294
76561199175803663
76561198951122851
76561199174795091
76561198419354303
76561198197250718
76561198051122154
76561199152288188
76561199094098204
76561198400829966
76561199023264285
76561199121707430
76561199058718243
76561198354728530
76561199141049621
76561199166363746
76561198071666301
76561198116954821
76561198359081850
76561199094591572
76561199012602071
76561198078407005
76561199180068751
76561199171718296
76561199021935900
76561199172543674
76561199179862399
76561199172049174
76561198193683610
76561199002982401
76561199172815306
76561199164988242
76561199139973814
76561198821565222
76561198971402726
76561199105864843
76561199008109416
76561199103691854
76561199043975320
76561199173980060
76561199174287734
76561199065203012
76561199119098426
76561199119501810
76561199174703056
76561199074494756
76561199136579347
76561199148096855
76561198873097886
76561198417127164
76561198282244088
76561199133584963
76561198872044391
76561198208277673
76561198380154792
76561199162924802
76561199177675816
76561199177914842
76561198411060169
76561199091473240
76561198254110401
76561198388688908
76561198375637685
76561199086496372
76561198202714316
76561199148313084
76561198258951179
76561198079986037
76561198133840469
76561199112616758
76561199113710579
76561199175994983
76561199173450000
76561199175705823
76561199176448393
76561198867369268
76561199139231505
76561198142375649
76561198257112182
76561199019210938
76561199175852843
76561199088861352
76561199106513396
76561198929615292
76561198835538316
76561198871897851
76561199168965186
76561198798972185
76561198269288785
76561198105093987
76561198936919471
76561199169362152
76561199136314137
76561199170003224
76561198799166767
76561198001729625
76561199097728091
76561198433702743
76561199166882435
76561198798264241
76561198968821514
76561198398834915
76561199179381815
76561198159164306
76561198361495864
76561198848141561
76561198311726123
76561198932471660
76561199149010621
76561199072352564
76561199172242758
76561199179285440
76561198189676457
76561197968003523
76561199007661055
76561199142901461
76561199023186361
76561199172871726
76561198130319362
76561199169140654
76561199169074929
76561198096198131
76561198040731133
76561198861952831
76561199008048471
76561198993681517
76561199173998462
76561199059270659
76561198088711965
76561199145364268
76561199074097315
76561199074501589
76561198264379749
76561198815082599
76561199119333908
76561199173724030
76561199154874413
76561199078761245
76561199049390462
76561199142119056
76561198987004677
76561199138990576
76561199074688169
76561198131275232
76561199114489398
76561199037261628
76561199102800378
76561199085363506
76561199123853147
76561199059947255
76561198271917387
76561199080046911
76561199025444544
76561198194804650
76561199151955149
76561198996918806
76561198808175952
76561198315345833
76561198966634605
76561199122740575
76561198253520329
76561198321311329
76561199178795912
76561198838625536
76561199180484764
76561199069297898
76561198444272144
76561198965912086
76561198822922464
76561198968770802
76561198343875265
76561198950523479
76561199018048490
76561199064756714
76561199030423480
76561199111571035
76561198797624744
76561199152307889
76561198354081506
76561198855498628
76561199098129151
76561198874957353
76561198887595743
76561198305489444
76561198451814375
76561199098895495
76561199127370402
76561199120808253
76561199166204829
76561199074723507
76561198415529156
76561198045770145
76561198354175202
76561199145347705
76561198036422001
76561199153108427
76561199011862462
76561199154598257
76561198365296209
76561198450944229
76561198411449238
76561199176742796
76561199107215131
76561199029090158
76561198799353144
76561198443762072
76561199166292652
76561198275449851
76561198922751100
76561199120451167
76561199082274683
76561199132235645
76561198195316770
76561198278763591
76561198831688816
76561199117821687
76561199060375496
76561198310676100
76561198356289679
76561199150551584
76561199133211568
76561199024228818
76561199029394682
76561199108347483
76561199100238283
76561198103815260
76561199101309075
76561199150629576
76561199096921205
76561199081848192
76561199045386607
76561199085673612
76561199172772003
76561199102269094
76561198320941359
76561198973163545
76561199015837921
76561199128967880
76561199179034994
76561199110782583
76561198805497142
76561199174960015
76561199105648901
76561199028028400
76561198370266187
76561199087834622
76561199062959153
76561199161361422
76561198352911209
76561198870550929
76561198203718792
76561199074568323
76561198386833667
76561198186167439
76561199074708387
76561198993768181
76561199137824857
76561198219917481
76561199024603176
76561198389111300
76561199010540214
76561199105930537
76561198079782237
76561199023601506
76561199029251169
76561199166325178
76561199122910388
76561199002722602
76561198982996377
76561199039512543
76561198354642754
76561199084209613
76561199124825496
76561198964092897
76561198354044178
76561199171329269
76561199021677721
76561199023039429
76561199172765079
76561199172719375
76561198269085332
76561198879517749
76561199017619446
76561198427304867
76561199114833333
76561198280031245
76561199113683418
76561199066219302
76561199102969873
76561199117874989
76561199060468163
76561199168379342
76561199001780570
76561199168607782
76561198813086693
76561199178125425
76561199142410137
76561199178060639
76561198259527070
76561198350111182
76561199177951037
76561199171049394
76561199125278904
76561199138398737
76561199171803742
76561198260711886
76561198294224727
76561198294226998
76561199047023388
76561199088939261
76561199179950920
76561199006682521
76561198886482690
76561198437504767
76561199118891123
76561199063006781
76561198835473552
76561199103145950
76561199127440707
76561199096362133
76561199041659621
76561199110256013
76561198820802768
76561199158542606
76561198227252676
76561199125660552
76561199103498301
76561198441311533
76561198320758169
76561198972101356
76561199104304885
76561199030308656
76561199033563964
76561198929219595
76561198385654461
76561199103983148
76561198180670513
76561199096224819
76561198991847539
76561199051693605
76561198080197781
76561198959702659
76561198983433300
76561198378810360
76561199068147993
76561198795739697
76561199106040430
76561198999279930
76561198133658873
76561199132670087
76561198318444696
76561199055968401
76561198375971292
76561198150445410
76561199002343643
76561198814892083
76561199063593579
76561199033987052
76561199105424918
76561198997517554
76561199044768936
76561199165101773
76561198997251187
76561199134190671
76561199074506138
76561199026499302
76561198353399761
76561199014090611
76561199106427631
76561199122782696
76561198013326752
76561199007547931
76561199105493889
76561198867347289
76561199036393498
76561198977425403
76561198392582456
76561199074682656
76561197969718771
76561198976962010
76561198376163461
76561199074603642
76561199137613109
76561198272048597
76561199109646239
76561199028209171
76561199044975624
76561198396994926
76561199005681477
76561199075831426
76561199071552593
76561199181390226
76561199163742120
76561199169423605
76561198879041976
76561198140247719
76561198995238622
76561198409687455
76561198860196085
76561199108636845
76561198378396075
76561198355934948
76561199159144709
76561199056206127
76561199167157468
76561198933472547
76561199040999098
76561198894391122
76561198874686840
76561199174851365
76561198981713657
76561199041616226
76561199176642275
76561199055353008
76561198352543266
76561198268993817
76561198357279048
76561198366991240
76561198387768208
76561199137753023
76561198981754735
76561199061556374
76561198897107689
76561199079413340
76561199038219634
76561199129639169
76561199141013091
76561199127751160
76561199074847345
76561199071137827
76561199133582802
76561198187539886
76561199092178367
76561199145942512
76561198162224565
76561199075360478
76561199052995950
76561198336399873
76561198388079320
76561198307066912
76561199146652846
76561198322979767
76561199016792944
76561198968299095
76561198278153719
76561199150658089
76561199141317405
76561198137986246
76561199149584318
76561199136598260
76561199152402023
76561198855919441
76561198874618303
76561199151670842
76561199096927532
76561199063200319
76561198836085703
76561199055138381
76561199006410983
76561199098013775
76561198044583760
76561199152217934
76561198448322339
76561199049216720
76561199125832275
76561198321250127
76561199050179967
76561198891994728
76561198403484120
76561198151616102
76561199157231829
76561199069415442
76561199117871027
76561198328859662
76561199170772664
76561199021588714
76561199028396458
76561198356853805
76561199055376118
76561198085473394
76561198261439537
76561199082464821
76561199088530000
76561198861378555
76561199166061826
76561199160834564
76561199005828167
76561199179847294
76561199179832356
76561199075443638
76561199179620338
76561198877778650
76561197965206920
76561198852234884
76561199074733502
76561198102805718
76561198337743151
76561199017825394
76561197998072297
76561198102886982
76561199029169614
76561198032093314
76561199059648384
76561198258714894
76561198998588059
76561198815035322
76561199152424365
76561198879344588
76561198105547575
76561199030755161
76561199086906543
76561199147161939
76561198371434664
76561199179675554
76561198080509116
76561199063680663
76561199097807863
76561199134115568
76561199154244281
76561198843430563
76561199152495170
76561199114835295
76561198135669345
76561199103752723
76561198817232466
76561198973979089
76561198808596223
76561199154074878
76561199016241947
76561198346280240
76561198386985619
76561198859149415
76561198303822497
76561198325304993
76561199128730620
76561199051605837
76561199105246285
76561199165976610
76561198349366975
76561199179348082
76561198890372098
76561199023342320
76561199033774213
76561198891104079
76561199168738253
76561199175351537
76561198080159057
76561198081465154
76561199035088217
76561199160386218
76561199174115331
76561198840122195
76561199075500974
76561199075586309
76561198068152035
76561199132861247
76561198409617703
76561199170907174
76561198917407626
76561198861432484
76561199176934324
76561198244110272
76561198428175105
76561199074404473
76561199074497752
76561199168182113
76561198991373736
76561199070692591
76561199170890461
76561199167686013
76561198115125391
76561198985448962
76561198331684548
76561198385045252
76561199094382387
76561199126590987
76561198863036839
76561198445837278
76561198983029589
76561198990820491
76561198811195327
76561199012507348
76561199170172841
76561199060619142
76561199072672485
76561198189390426
76561198236686838
76561198257823359
76561199025830222
76561199165364612
76561198931153143
76561198973591668
76561199077104226
76561198104492120
76561198404435506
76561199053156095
76561199106594574
76561199151867779
76561198346252082
76561198971008485
76561198958260320
76561198395994304
76561199166822614
76561199158065648
76561199073799093
76561199115912673
76561199175351359
76561199116987183
76561199116173120
76561198849763723
76561199171449060
76561199035480246
76561198830294957
76561199138396398
76561198961743286
76561198814441754
76561199152030159
76561199172312072
76561199142227025
76561198941499503
76561199046203983
76561199121561430
76561199096324481
76561198376655779
76561197984596540
76561198880814277
76561199110826025
76561198379724848
76561199172663381
76561199074536289
76561198366072311
76561198445963745
76561198987650631
76561199119705606
76561199074400493
76561198943068767
76561199034248033
76561199067121746
76561198804221667
76561198375302904
76561198851728741
76561199176357950
76561199176605132
76561199058793224
76561198278148717
76561198442986852
76561199062974021
76561199176972312
76561198379063570
76561198277093822
76561198964424372
76561199018773165
76561198996865289
76561199037082845
76561198939586763
76561198199312934
76561198343433767
76561199147956346
76561198928865324
76561199151509859
76561198998934345
76561199124890309
76561198094666627
76561199152886601
76561199061948988
76561198208688676
76561199014890403
76561199090586375
76561199079173013
76561199119984501
76561199079036731
76561198400412687
76561199055714834
76561198435649772
76561198983628276
76561197960525454
76561198388769244
76561198221499300
76561198874421918
76561199073697484
76561198392096366
76561199102022552
76561199086826157
76561198413436301
76561199045844131
76561198120318879
76561199178547018
76561198334772282
76561199067242222
76561199105607621
76561199135807753
76561199149314587
76561198840182396
76561198391507516
76561198011112055
76561198134349667
76561198877468179
76561199075237323
76561199139494626
76561198103050076
76561198823374786
76561199107211667
76561199105816754
76561198964690129
76561198045256517
76561199095579945
76561198436036057
76561198340446233
76561199123791940
76561199127764883
76561198855851937
76561198246365514
76561198116244924
76561199074775546
76561199074687118
76561199073275358
76561199000348397
76561199154628425
76561199153109506
76561199015663573
76561199128658599
76561198348580691
76561198388324997
76561198918730959
76561198780663464
76561199158669347
76561199156181548
76561199176378026
76561199101063289
76561198269952418
76561199060556995
76561199145944161
76561198882761106
76561199176227780
76561198871900963
76561198833509102
76561198999949080
76561199177094230
76561199029580157
76561199115791479
76561199109636838
76561199148385069
76561198323621612
76561198801816509
76561199088146227
76561198821311146
76561198835068011
76561199076793972
76561199142690850
76561199076757132
76561199104376442
76561198419386716
76561199089577677
76561199093429258
76561198160769313
76561199112627124
76561199068397190
76561199064378632
76561199130146710
76561199141751956
76561197974824613
76561199116311824
76561199099742293
76561199150907969
76561198833492902
76561199061938871
76561198853606348
76561199124290622
76561198287937694
76561199098926576
76561199021045262
76561198179916145
76561199093442858
76561199030792769
76561199061265448
76561199105643667
76561199107183799
76561199061297338
76561198884052801
76561198966444806
76561199085092680
76561199124334469
76561199123357200
76561198239707172
76561199128853058
76561199102775286
76561199067067799
76561199047423645
76561199165335460
76561199137511303
76561199170787911
76561199076810841
76561199152066517
76561198048900660
76561199114691883
76561199171274937
76561199171862307
76561198180616467
76561198984192073
76561198094315708
76561198828832897
76561198359240474
76561199138521722
76561199136491222
76561199175208475
76561198174487269
76561199008367727
76561199128039539
76561198843324964
76561199054119795
76561199175791819
76561198967430693
76561198812488172
76561199027271004
76561199177146429
76561199169244750
76561198824356979
76561198800264515
76561198816581296
76561198823506493
76561198097797431
76561198316367494
76561199101627751
76561198801541315
76561198823759673
76561198307873825
76561197962337900
76561198084966051
76561199159261686
76561198963265496
76561199171689750
76561199141918821
76561199172278684
76561199164134404
76561199018291462
76561199171645270
76561198870588852
76561199075359454
76561199126380094
76561198882676823
76561199027074890
76561199073242088
76561198279966983
76561199174917828
76561199129812630
76561199121276073
76561198353477256
76561198982826174
76561199013888891
76561198987111897
76561199077366987
76561199074335228
76561198941930976
76561199174158630
76561199174332751
76561198835522263
76561199171581728
76561198387446425
76561199164813732
76561199129843703
76561199176035228
76561198379491519
76561199073253526
76561199121991847
76561198825137739
76561199081719510
76561199155245716
76561198238763688
76561199013166129
76561198339188271
76561198329123915
76561199018978245
76561198041861079
76561198872437330
76561199023448761
76561198201675794
76561198255555702
76561199017905696
76561198411247647
76561199150804359
76561198869064869
76561198952757596
76561198804148847
76561199173263533
76561198345093885
76561199006375614
76561199047515068
76561199030749870
76561199154528346
76561199150650828
76561199020416342
76561199063667899
76561199049248345
76561198438167037
76561198302166209
76561198808614241
76561198972283318
76561198971945973
76561198887524815
76561198280120198
76561199115587405
76561198367143213
76561199066718962
76561198446400566
76561199057309305
76561199105552186
76561199159962901
76561198388969399
76561198333092444
76561199114871369
76561199049141506
76561199063858136
76561199054894833
76561199095059173
76561199092640328
76561199063842112
76561199106106725
76561198354908602
76561199093412482
76561198410113681
76561198118695913
76561199064253106
76561199153983012
76561199072545701
76561198209975915
76561199146857614
76561198189533678
76561199093729456
76561198967455933
76561199078407466
76561199064204832
76561199156418832
76561199175849320
76561199002250378
76561199070512984
76561199064472912
76561199033780856
76561199106988051
76561199158630289
76561198298311155
76561199064949448
76561198428829549
76561198350109179
76561198975187387
76561199066429421
76561199065227100
76561199109662872
76561199099840093
76561199111961238
76561198350972517
76561199109952835
76561199031414802
76561199093923152
76561199109840457
76561199127067950
76561199120122785
76561199096109280
76561199096896655
76561199156857542
76561199117831881
76561199076652859
76561199132889412
76561199170128022
76561198893432552
76561199101567289
76561199004537088
76561199094139597
76561199114346290
76561199054814366
76561198873051311
76561199109233558
76561199013989076
76561198933415633
76561198953602814
76561199138785941
76561198049784477
76561199077729476
76561199138907213
76561199108343832
76561199108018172
76561199175024143
76561198418815889
76561199138807371
76561199169738990
76561199106382264
76561199013497453
76561199168565574
76561199055184620
76561198984696527
76561199083232097
76561199176668727
76561198966757170
76561198848349417
76561199176287455
76561197963575360
76561199023365379
76561199137207706
76561199052351067
76561199056445285
76561199078851290
76561198096653409
76561198070669010
76561199141716809
76561199068772473
76561199056665785
76561199023710057
76561199083830021
76561198930846874
76561199056666449
76561199170723392
76561199112911570
76561199170803202
76561199171113390
76561199139290966
76561199010052147
76561199138427476
76561199115572245
76561199078166190
76561199056205254
76561199115705909
76561199008507988
76561198994454356
76561198275959721
76561198915128637
76561199141775643
76561199117284380
76561199171270412
76561198228834968
76561199141378439
76561198027277495
76561199146180341
76561199171251518
76561199063357836
76561198361793734
76561199108041600
76561199117163948
76561198334140498
76561198801185498
76561198081519220
76561199057585195
76561199056627572
76561199142992467
76561199032057801
76561199119692484
76561198179978914
76561199056752220
76561199020028939
76561199092712534
76561199107773598
76561199130025247
76561199106409954
76561198876113002
76561198374410871
76561199113805581
76561198970227875
76561199140751116
76561199076707178
76561199123801025
76561199078947483
76561198269147244
76561199073488696
76561199057617048
76561198863937470
76561199074742230
76561199103150546
76561198963585216
76561199077883668
76561198061365895
76561199111685591
76561199119800908
76561199143761469
76561199102016604
76561198170444377
76561199072082587
76561199132399151
76561199120060898
76561199104338661
76561199175880770
76561198872453812
76561199165493892
76561199058334472
76561199008982202
76561199127367927
76561199118339213
76561199105335478
76561198981816213
76561198360001871
76561199160850072
76561199163990269
76561199171258814
76561199163782769
76561198242329970
76561199028457260
76561199115375813
76561199042427374
76561199164249055
76561198146539791
76561199118834104
76561199164318237
76561199074715495
76561198151113611
76561198879180176
76561199074659377
76561199036258498
76561199107728782
76561199074512790
76561199134653391
76561199166782991
76561198909492125
76561199039148459
76561199162509058
76561199168599563
76561198143032766
76561199158484664
76561198393791582
76561199168140663
76561199139121517
76561199147274508
76561199170533331
76561198417918826
76561198159064057
76561198372411698
76561199113667293
76561199047168862
76561199171219927
76561199170148287
76561199073278063
76561199023860262
76561199171504329
76561198125840264
76561199030896512
76561198980171180
76561199023006761
76561199106847869
76561199138359971
76561199168592898
76561199074041137
76561199138315335
76561198798983979
76561199056196607
76561199176357015
76561199176474661
76561199093894882
76561199095592969
76561199169139318
76561199176971391
76561199169528396
76561199131180485
76561199055174377
76561198894823691
76561199036786084
76561199160475722
76561198008392912
76561199048572436
76561199051210298
76561199036026174
76561199132667589
76561199066834678
76561199132329443
76561198426442748
76561199127948034
76561199144010815
76561198952489344
76561199127197395
76561199095111598
76561199003266475
76561199118027688
76561199074405861
76561199074382453
76561199126199084
76561199096856687
76561199074501402
76561199074436134
76561198390415864
76561198147590723
76561199108863994
76561199073863828
76561199074428535
76561199074447436
76561199074402149
76561199074459963
76561199074310107
76561199074495844
76561199003574473
76561199014984673
76561199053573805
76561199074620820
76561199074635960
76561198389106254
76561199121957782
76561199003254177
76561199074553298
76561199003403478
76561199052032161
76561199074553274
76561199074570469
76561199067491202
76561199074514049
76561199074466429
76561199074437101
76561199074591747
76561199074539756
76561198882192615
76561199053529513
76561199074476464
76561199074222819
76561199003264801
76561199074762886
76561199074574474
76561199074602995
76561199074932156
76561199103790726
76561199074557779
76561199019177127
76561199074980851
76561199053317219
76561199074594102
76561199074397865
76561199074445999
76561199113950427
76561199074849677
76561199074564736
76561199074487910
76561199074559205
76561199073905464
76561199074519273
76561199074707936
76561199003732200
76561199074707351
76561199074661325
76561199074825619
76561199099179634
76561199074400748
76561199101416336
76561199074476768
76561199074566088
76561199138703351
76561199074539467
76561199074473904
76561199073802205
76561199074720928
76561199074954379
76561199074353536
76561199132186320
76561199174665748
76561199053538735
76561199074686577
76561199074779150
76561199074106243
76561199074650975
76561199074982040
76561199074360191
76561199074675765
76561199074512850
76561199074612826
76561199074549893
76561199074705171
76561199074490278
76561199074684936
76561199165612121
76561199074566406
76561198382918199
76561199074578386
76561199077240390
76561199138987776
76561199074332315
76561199119263385
76561197960930217
76561198397456873
76561198861786793
76561199130812163
76561198241088448
76561198256181062
76561198805845577
76561198082319325
76561199130663656
76561198862176807
76561199107857385
76561199166394855
76561198034735675
76561199067573166
76561198863090652
76561198185229057
76561198962890273
76561199133853531
76561199165674058
76561199074619796
76561198451532436
76561199163321077
76561198365509682
76561199044749213
76561198011141805
76561199085268073
76561199169854341
76561199164903180
76561199171257477
76561199030514546
76561199136356287
76561198326461734
76561197961019951
76561199054200049
76561199171790687
76561198248458712
76561199166375962
76561198999328156
76561199166718534
76561199130501679
76561199065227954
76561199138049537
76561199027307625
76561198984726099
76561198880079844
76561198909570117
76561199174442495
76561199052071711
76561198369252151
76561198850015435
76561199055539336
76561199177046715
76561198846172311
76561199177229161
76561198116423455
76561199169802344
76561199116112114
76561199171097856
76561199177916173
76561198114669347
76561199169331920
76561198403350664
76561199178036647
76561198880542764
76561199138598420
76561198415914489
76561199162258657
76561199023707416
76561199118553249
76561199094626942
76561198916700303
76561199170962878
76561199171161502
76561199008621115
76561199171318124
76561199169973933
76561198323612997
76561198055204352
76561198849111776
76561199087465714
76561198327319861
76561199038614847
76561199173094492
76561198312129504
76561198867954427
76561198425873046
76561199173194974
76561199173065134
76561198054256132
76561199090464444
76561199151396223
76561199128387077
76561198849684223
76561199168718081
76561199081173694
76561199154836460
76561199016167552
76561199018487259
76561199097006818
76561199082084139
76561199054594330
76561199079527351
76561198975555860
76561199176312664
76561199168467745
76561198387319414
76561199176358172
76561199091282449
76561199076553667
76561197989280952
76561199117013447
76561198315391093
76561199060318571
76561199151109220
76561199148564775
76561198857412059
76561199056149020
76561199107884094
76561198195129470
76561199062109701
76561199074579154
76561199074489539
76561199074586019
76561199067909326
76561199074506014
76561199071407497
76561199074443157
76561199074792252
76561199074647026
76561199074503196
76561199040241006
76561199074605957
76561199074500155
76561199074599004
76561199074416453
76561199074874206
76561199074555792
76561199163680177
76561199074735941
76561198976756181
76561199074562281
76561199074528210
76561199074503759
76561199074568751
76561199074727773
76561199074581273
76561199074640739
76561199132925006
76561199074515529
76561199074831401
76561198053944965
76561199074655286
76561199074835585
76561199074650330
76561199074702895
76561199074723484
76561199074868490
76561199074641608
76561199074656555
76561199074631195
76561199167249841
76561199074845237
76561199117859284
76561199126766821
76561199074684720
76561199086742369
76561199074670353
76561199074669244
76561199131947801
76561199074814707
76561199074720350
76561199074629640
76561199074546792
76561199074831818
76561199074568303
76561199142825279
76561199074672224
76561199074633251
76561199074818764
76561199074721811
76561199164427592
76561198433799932
76561199077022184
76561199047752528
76561198400743385
76561199171061869
76561199158434798
76561198991914171
76561198167973463
76561199105446257
76561199166731144
76561198978082041
76561198965659603
76561199145025238
76561198332591630
76561199050625146
76561199168113556
76561199068731730
76561198795579414
76561199138232997
76561198415272368
76561199008359005
76561199168522310
76561198349584070
76561199175063419
76561198083638569
76561199177059135
76561198024797484
76561198433377831
76561199041909064
76561199176435465
76561199102032305
76561199177435783
76561199114850069
76561198008347213
76561199163112032
76561199062048984
76561199167502666
76561199171239222
76561199171059956
76561198869801563
76561198994680761
76561199048556437
76561199171701531
76561198847600307
76561199079871674
76561199079774683
76561199130201861
76561198376225085
76561198946635187
76561199057671939
76561199140024822
76561198899921868
76561199057259738
76561199173282666
76561199158974677
76561198268551274
76561199064129125
76561198977979670
76561199173818152
